1518196260.690038204 -0.17096 -0.31832 -0.06109 -0.38142 -0.08647 -0.03270 0.91977
1518196260.740039349 -0.26006 0.10263 0.06164 -0.61442 -0.06352 -0.03146 0.78579
1518196260.790041208 -0.28735 0.12463 0.06144 -0.77263 -0.03843 -0.01743 0.63346
1518196260.840043306 -0.30701 0.14204 0.06443 -0.80029 -0.03147 -0.00438 0.59877
1518196260.890043259 -0.32567 0.14727 0.06806 -0.80408 -0.02875 0.00434 0.59380
1518196260.925038338 -0.33913 0.14832 0.06997 -0.80320 -0.03098 0.00164 0.59490
1518196260.990023375 -0.33913 0.14832 0.06997 -0.80556 -0.02854 0.00025 0.59183
1518196261.040047407 -0.33913 0.14832 0.06997 -0.80003 -0.02783 -0.00818 0.59926
1518196261.090046406 -0.33913 0.14832 0.06997 -0.80043 -0.02347 -0.01178 0.59885
1518196261.140042305 -0.46973 0.13919 0.09469 -0.80108 -0.01786 -0.01740 0.59804
1518196261.190046310 -0.47328 0.13460 0.09696 -0.80210 -0.01227 -0.02404 0.59658
1518196261.240051270 -0.47463 0.12968 0.09900 -0.80329 -0.00585 -0.03106 0.59475
1518196261.290042400 -0.44357 0.11437 0.10181 -0.80340 0.00518 -0.03284 0.59451
1518196261.340055227 -0.41406 0.14729 0.08356 -0.81173 0.01623 -0.03141 0.58296
1518196261.390056372 -0.39181 0.15989 0.07220 -0.81408 0.02612 -0.03163 0.57929
1518196261.440055370 -0.37004 0.16343 0.06371 -0.81310 0.03436 -0.03299 0.58017
1518196261.490058422 -0.34790 0.16194 0.05823 -0.80986 0.03999 -0.03617 0.58415
1518196261.540060282 -0.32362 0.16418 0.05164 -0.80557 0.04434 -0.04118 0.58940
1518196261.590061426 -0.29747 0.16355 0.05052 -0.79856 0.04495 -0.04709 0.59838
1518196261.640042305 -0.27252 0.15911 0.05097 -0.78878 0.04017 -0.06131 0.61028
1518196261.690056324 -0.24758 0.15739 0.05409 -0.77870 0.03319 -0.07535 0.62197
1518196261.740064383 -0.22284 0.15595 0.05814 -0.76823 0.02453 -0.08811 0.63361
1518196261.790063381 -0.19978 0.15311 0.06651 -0.75777 0.01751 -0.09971 0.64462
1518196261.840066433 -0.17893 0.15085 0.07407 -0.75131 0.01240 -0.10587 0.65129
1518196261.890065432 -0.16297 0.15051 0.07835 -0.75088 0.01325 -0.11142 0.65084
1518196261.940061331 -0.14874 0.14900 0.07940 -0.75369 0.01705 -0.11291 0.64723
1518196261.990067244 -0.13896 0.14845 0.07973 -0.75606 0.02143 -0.11730 0.64355
1518196262.040056229 -0.13133 0.14748 0.07909 -0.75722 0.02647 -0.11792 0.64188
1518196262.090071201 -0.12918 0.14688 0.07865 -0.75638 0.02915 -0.12087 0.64221
1518196262.140072346 -0.13279 0.14637 0.07476 -0.75676 0.03067 -0.12340 0.64121
1518196262.190073252 -0.14167 0.14756 0.06823 -0.75902 0.03247 -0.12410 0.63830
1518196262.240075350 -0.15332 0.14891 0.05996 -0.76042 0.03214 -0.12443 0.63659
1518196262.290074348 -0.16648 0.14923 0.05188 -0.76053 0.02976 -0.12261 0.63693
1518196262.340072393 -0.17897 0.15259 0.04301 -0.75847 0.03016 -0.11589 0.64061
1518196262.390078306 -0.19920 0.15250 0.03207 -0.76153 0.02856 -0.11069 0.63796
1518196262.440078259 -0.21643 0.15876 0.02038 -0.76645 0.03359 -0.09791 0.63391
1518196262.490076303 -0.23549 0.16354 0.00860 -0.77012 0.03604 -0.08742 0.63086
1518196262.540077209 -0.25396 0.17720 -0.00382 -0.77448 0.04360 -0.07444 0.62669
1518196262.590081215 -0.28398 0.17822 -0.01976 -0.78016 0.04423 -0.07470 0.61953
1518196262.640084267 -0.30811 0.18501 -0.03164 -0.78504 0.04682 -0.06820 0.61390
1518196262.690085411 -0.32874 0.19359 -0.04049 -0.78815 0.04950 -0.05799 0.61074
1518196262.740086317 -0.34544 0.20272 -0.04479 -0.79006 0.04987 -0.04983 0.60896
1518196262.790088415 -0.36238 0.20873 -0.04711 -0.79136 0.04872 -0.04755 0.60755
1518196262.840089321 -0.37831 0.20733 -0.04587 -0.79179 0.04560 -0.04486 0.60743
1518196262.890089273 -0.39235 0.20871 -0.04050 -0.79194 0.04323 -0.04299 0.60755
1518196262.940091372 -0.40459 0.20840 -0.03060 -0.79126 0.04147 -0.04172 0.60864
1518196262.990091324 -0.41522 0.20686 -0.01479 -0.79044 0.03883 -0.04021 0.60999
1518196263.040094376 -0.42441 0.20498 0.00368 -0.78842 0.03638 -0.04214 0.61261
1518196263.090094328 -0.43069 0.20726 0.02832 -0.78806 0.03601 -0.04204 0.61310
1518196263.140091419 -0.43716 0.20926 0.05316 -0.78609 0.03248 -0.04500 0.61562
1518196263.190097332 -0.44042 0.21236 0.07912 -0.78417 0.02967 -0.04613 0.61812
1518196263.240093231 -0.44554 0.21579 0.10489 -0.78129 0.02451 -0.05152 0.62155
1518196263.290100336 -0.44809 0.21859 0.13034 -0.77898 0.02212 -0.05536 0.62421
1518196263.340100288 -0.45160 0.21743 0.15307 -0.77432 0.01841 -0.05905 0.62977
1518196263.390099287 -0.45492 0.21515 0.17519 -0.77047 0.01542 -0.06167 0.63429
1518196263.440099239 -0.45700 0.21795 0.19607 -0.76784 0.01190 -0.06542 0.63719
1518196263.490104437 -0.45994 0.21853 0.21275 -0.76510 0.00831 -0.06939 0.64011
1518196263.540097237 -0.46197 0.21754 0.22151 -0.76106 0.00515 -0.07302 0.64454
1518196263.590107203 -0.46464 0.21946 0.22358 -0.75850 -0.00080 -0.07738 0.64707
1518196263.640107393 -0.46673 0.21915 0.21871 -0.75722 -0.00592 -0.07679 0.64860
1518196263.690109253 -0.46683 0.22181 0.20684 -0.75878 -0.01025 -0.07448 0.64699
1518196263.740108252 -0.46862 0.22681 0.18876 -0.76080 -0.01146 -0.07331 0.64473
1518196263.790111303 -0.47240 0.23154 0.16154 -0.76217 -0.01326 -0.07764 0.64257
1518196263.840110302 -0.47648 0.23414 0.13126 -0.76347 -0.01072 -0.08157 0.64058
1518196263.890109301 -0.47901 0.23371 0.09811 -0.76395 -0.00912 -0.08169 0.64001
1518196263.940115213 -0.47851 0.23015 0.06601 -0.76496 -0.00585 -0.07312 0.63988
1518196263.990116358 -0.47861 0.22378 0.03089 -0.76570 -0.00407 -0.06052 0.64033
1518196264.040117264 -0.47674 0.22338 -0.00297 -0.76948 -0.00013 -0.05254 0.63651
1518196264.090118408 -0.47737 0.22077 -0.03872 -0.77425 0.00401 -0.04548 0.63124
1518196264.140119314 -0.47892 0.21956 -0.07178 -0.77798 0.00887 -0.04154 0.62685
1518196264.190120220 -0.48229 0.22156 -0.10026 -0.78295 0.01549 -0.04169 0.62049
1518196264.240121365 -0.48350 0.22528 -0.12578 -0.78822 0.01991 -0.04410 0.61349
1518196264.290123224 -0.48132 0.22755 -0.14608 -0.79403 0.02273 -0.04307 0.60592
1518196264.340121269 -0.47845 0.22846 -0.16224 -0.79878 0.02095 -0.04040 0.59989
1518196264.390125275 -0.47589 0.23056 -0.17068 -0.80206 0.01963 -0.03411 0.59595
1518196264.440124273 -0.47434 0.23305 -0.17136 -0.80357 0.01926 -0.03119 0.59408
1518196264.490126371 -0.47136 0.23549 -0.16236 -0.80538 0.02151 -0.02688 0.59175
1518196264.540128231 -0.46863 0.23744 -0.14462 -0.80555 0.02334 -0.02509 0.59154
1518196264.590129375 -0.46617 0.24001 -0.12058 -0.80421 0.02603 -0.02731 0.59315
1518196264.640131235 -0.46572 0.24141 -0.09088 -0.80200 0.02652 -0.03115 0.59592
1518196264.690132380 -0.46543 0.24022 -0.05942 -0.79827 0.02523 -0.03497 0.60076
1518196264.740133286 -0.46604 0.23841 -0.02707 -0.79431 0.02276 -0.03848 0.60586
1518196264.790126324 -0.46754 0.23766 0.00548 -0.79125 0.01883 -0.04206 0.60975
1518196264.840134382 -0.46848 0.23792 0.03698 -0.78988 0.01600 -0.04438 0.61145
1518196264.890136242 -0.46921 0.23796 0.06570 -0.79077 0.01305 -0.04682 0.61018
1518196264.940063238 -0.46445 0.23655 0.09022 -0.79299 0.00755 -0.04491 0.60753
1518196264.990132332 -0.45756 0.23646 0.10978 -0.79663 -0.00018 -0.04358 0.60290
1518196265.040087223 -0.45756 0.23646 0.10978 -0.79916 -0.00299 -0.04601 0.59935
1518196265.090140343 -0.43536 0.22564 0.29443 -0.80017 -0.00464 -0.05503 0.59722
1518196265.140141249 -0.42732 0.22117 0.29506 -0.80131 -0.00247 -0.06636 0.59455
1518196265.190106392 -0.41943 0.21722 0.29296 -0.80211 0.00073 -0.07473 0.59248
1518196265.240144253 -0.41378 0.21344 0.28720 -0.80236 0.00821 -0.08316 0.59096
1518196265.290125370 -0.40752 0.21189 0.28185 -0.80308 0.01760 -0.08737 0.58917
1518196265.339980364 -0.40592 0.21185 0.27582 -0.80329 0.02597 -0.08987 0.58819
1518196265.390126228 -0.40799 0.21033 0.27148 -0.80357 0.03290 -0.08791 0.58776
1518196265.440029383 -0.41697 0.21337 0.26824 -0.80415 0.03512 -0.08409 0.58740
1518196265.490110397 -0.43021 0.21427 0.26428 -0.80419 0.03266 -0.07606 0.58858
1518196265.540113211 -0.44783 0.21592 0.25925 -0.80384 0.02587 -0.06517 0.59070
1518196265.590114355 -0.47573 0.22047 0.25626 -0.80457 0.01787 -0.05593 0.59095
1518196265.640109301 -0.51304 0.21765 0.25501 -0.80549 0.00803 -0.04489 0.59085
1518196265.690112352 -0.54959 0.21922 0.25257 -0.80597 -0.00105 -0.03324 0.59102
1518196265.740156412 -0.58277 0.22743 0.25016 -0.80657 -0.00929 -0.02073 0.59070
1518196265.790157318 -0.61471 0.23220 0.24872 -0.80675 -0.01860 -0.00785 0.59055
1518196265.840157270 -0.64615 0.23661 0.24519 -0.80502 -0.02812 0.00384 0.59257
1518196265.890154362 -0.67359 0.24195 0.24240 -0.80346 -0.03752 0.01454 0.59400
1518196265.940159321 -0.69898 0.24766 0.24051 -0.80182 -0.04296 0.01998 0.59569
1518196265.990150213 -0.71860 0.25098 0.24088 -0.80040 -0.04541 0.02577 0.59718
1518196266.040148258 -0.71860 0.25098 0.24088 -0.79914 -0.04240 0.02644 0.59906
1518196266.090157270 -0.71860 0.25098 0.24088 -0.79857 -0.03343 0.02507 0.60046
1518196266.140155315 -0.86522 0.26683 0.23733 -0.79728 -0.02315 0.02095 0.60280
1518196266.185163260 -0.85947 0.26585 0.23683 -0.79658 -0.01213 0.01603 0.60420
1518196266.240166426 -0.84740 0.26359 0.23566 -0.79598 0.00167 0.01021 0.60523
1518196266.290168285 -0.82041 0.26030 0.23655 -0.79916 0.01658 0.00293 0.60088
1518196266.340165377 -0.79505 0.25782 0.23603 -0.80064 0.03144 -0.00599 0.59829
1518196266.390160322 -0.76703 0.25355 0.23389 -0.80124 0.04653 -0.01666 0.59631
1518196266.440170288 -0.73327 0.24696 0.23046 -0.80097 0.06153 -0.02642 0.59494
1518196266.490173340 -0.70289 0.24013 0.22794 -0.79972 0.07586 -0.03701 0.59441
1518196266.540172338 -0.66791 0.23244 0.22492 -0.79786 0.08955 -0.04690 0.59430
1518196266.590162277 -0.63358 0.22837 0.22216 -0.79630 0.10108 -0.05711 0.59366
1518196266.640176296 -0.59963 0.22291 0.21955 -0.79429 0.11251 -0.06735 0.59323
1518196266.690177202 -0.56689 0.21784 0.21703 -0.79250 0.12081 -0.07552 0.59299
1518196266.740176201 -0.53835 0.21211 0.21531 -0.79085 0.12740 -0.08437 0.59262
1518196266.790177345 -0.51283 0.20572 0.21420 -0.78951 0.13200 -0.09053 0.59249
1518196266.840174437 -0.49212 0.20251 0.21265 -0.78909 0.13628 -0.09876 0.59077
1518196266.890180349 -0.47406 0.20079 0.21141 -0.78825 0.14103 -0.10416 0.58985
1518196266.940176249 -0.46031 0.19843 0.21078 -0.78779 0.14516 -0.10767 0.58883
1518196266.990148306 -0.45197 0.19234 0.20973 -0.78626 0.14816 -0.11091 0.58953
1518196267.040184259 -0.45190 0.18760 0.20978 -0.78589 0.15113 -0.11317 0.58884
1518196267.090073347 -0.45792 0.18131 0.20790 -0.78484 0.15265 -0.11512 0.58947
1518196267.140188217 -0.45792 0.18131 0.20790 -0.78439 0.15315 -0.11360 0.59023
1518196267.190187216 -0.42869 0.14281 0.19690 -0.78512 0.15386 -0.10945 0.58987
1518196267.240189314 -0.44864 0.13885 0.19251 -0.78665 0.15411 -0.10408 0.58873
1518196267.290188313 -0.47086 0.13472 0.18710 -0.78867 0.15585 -0.09900 0.58644
1518196267.340191364 -0.50259 0.13459 0.18268 -0.79323 0.15825 -0.09640 0.58005
1518196267.390193224 -0.53440 0.14030 0.18133 -0.79937 0.16315 -0.09163 0.57096
1518196267.440194368 -0.56059 0.14213 0.17800 -0.80446 0.16864 -0.08691 0.56290
1518196267.490195274 -0.58414 0.14094 0.17303 -0.80967 0.17405 -0.08320 0.55427
1518196267.540195227 -0.60563 0.14116 0.16884 -0.81510 0.17884 -0.08053 0.54511
1518196267.590195417 -0.62628 0.13906 0.16201 -0.81967 0.18338 -0.08104 0.53661
1518196267.640198231 -0.64444 0.14033 0.15638 -0.82375 0.18854 -0.08208 0.52834
1518196267.690197229 -0.65954 0.14078 0.15282 -0.82690 0.19484 -0.08718 0.52026
1518196267.740197420 -0.66823 0.14045 0.15234 -0.82873 0.19990 -0.08850 0.51519
1518196267.790197372 -0.67477 0.13887 0.15300 -0.82897 0.20295 -0.09086 0.51318
1518196267.840189219 -0.67716 0.13792 0.15580 -0.82737 0.20443 -0.09413 0.51460
1518196267.890205383 -0.67776 0.13794 0.16062 -0.82452 0.20385 -0.09925 0.51841
1518196267.940204382 -0.67276 0.14257 0.16665 -0.81971 0.20261 -0.10572 0.52521
1518196267.990204334 -0.66505 0.15006 0.17419 -0.81415 0.19815 -0.11120 0.53436
1518196268.040202379 -0.65209 0.16073 0.18398 -0.80835 0.19227 -0.11463 0.54448
1518196268.090206385 -0.63571 0.17316 0.19385 -0.80280 0.18612 -0.11580 0.55450
1518196268.140210390 -0.61825 0.19057 0.20514 -0.79837 0.18132 -0.11809 0.56195
1518196268.190208435 -0.59848 0.20855 0.21563 -0.79316 0.17453 -0.11739 0.57154
1518196268.240209341 -0.57719 0.22723 0.22808 -0.78827 0.16373 -0.11186 0.58250
1518196268.290213346 -0.56366 0.24493 0.23808 -0.78349 0.15145 -0.10862 0.59279
1518196268.340213299 -0.55459 0.26221 0.24869 -0.77970 0.13917 -0.10337 0.60167
1518196268.390216351 -0.55339 0.27633 0.25725 -0.77577 0.12720 -0.09929 0.61003
1518196268.440217257 -0.55620 0.28388 0.26579 -0.77187 0.11476 -0.09239 0.61847
1518196268.490216255 -0.56321 0.29510 0.27063 -0.76986 0.10247 -0.08504 0.62417
1518196268.540219307 -0.57133 0.30435 0.27242 -0.76814 0.09012 -0.07467 0.62950
1518196268.590220213 -0.58543 0.31023 0.27141 -0.76693 0.07809 -0.06332 0.63380
1518196268.640220404 -0.60543 0.31585 0.26576 -0.76571 0.06831 -0.05719 0.63699
1518196268.690223217 -0.62262 0.31759 0.25721 -0.76564 0.06127 -0.05106 0.63830
1518196268.740218401 -0.63830 0.31932 0.24261 -0.76599 0.05869 -0.04849 0.63833
1518196268.790224314 -0.64910 0.31715 0.22392 -0.76631 0.06037 -0.04552 0.63801
1518196268.840225220 -0.65478 0.31162 0.20086 -0.76720 0.06370 -0.03985 0.63700
1518196268.890226364 -0.65581 0.30514 0.17210 -0.76849 0.06970 -0.03574 0.63505
1518196268.940228224 -0.65385 0.29900 0.14101 -0.77097 0.07657 -0.03604 0.63122
1518196268.990230322 -0.64592 0.29283 0.10883 -0.77525 0.08620 -0.03602 0.62471
1518196269.040229321 -0.63302 0.28903 0.07693 -0.78272 0.09717 -0.03739 0.61360
1518196269.090232372 -0.61646 0.28296 0.04468 -0.79054 0.11049 -0.03964 0.60105
1518196269.140232325 -0.59751 0.27050 0.01532 -0.79747 0.12530 -0.04336 0.58861
1518196269.190233231 -0.57807 0.25616 -0.01030 -0.80260 0.14312 -0.05338 0.57663
1518196269.240231276 -0.55327 0.24153 -0.02736 -0.80659 0.16315 -0.06315 0.56464
1518196269.290232420 -0.52685 0.22643 -0.03570 -0.80955 0.18169 -0.07058 0.55375
1518196269.340235233 -0.49935 0.21176 -0.03320 -0.81113 0.19932 -0.07594 0.54458
1518196269.390236378 -0.47563 0.19663 -0.02079 -0.81010 0.21350 -0.08287 0.53972
1518196269.440240383 -0.45526 0.18481 -0.00028 -0.80691 0.22357 -0.09228 0.53889
1518196269.490240335 -0.44132 0.17472 0.02604 -0.80146 0.22679 -0.10415 0.54349
1518196269.540241241 -0.43338 0.16530 0.05470 -0.79357 0.22354 -0.11940 0.55319
1518196269.590239286 -0.43099 0.15880 0.08449 -0.78447 0.21577 -0.13265 0.56608
1518196269.640243292 -0.43091 0.15973 0.11555 -0.77685 0.20594 -0.14423 0.57731
1518196269.690242290 -0.43109 0.16697 0.14802 -0.77095 0.19502 -0.14842 0.58785
1518196269.740245342 -0.43589 0.18077 0.17868 -0.76756 0.18246 -0.14908 0.59610
1518196269.790248394 -0.44439 0.19700 0.20653 -0.76484 0.16892 -0.14536 0.60445
1518196269.840250254 -0.45980 0.21398 0.22952 -0.76277 0.15120 -0.13730 0.61357
1518196269.890250206 -0.48124 0.23309 0.24725 -0.76050 0.13318 -0.13106 0.62187
1518196269.940251350 -0.50368 0.25115 0.25798 -0.75863 0.11575 -0.12195 0.62945
1518196269.990252256 -0.53362 0.27483 0.26219 -0.75884 0.09972 -0.11403 0.63341
1518196270.040254354 -0.56041 0.29420 0.26187 -0.76017 0.08562 -0.10044 0.63617
1518196270.090249300 -0.58667 0.31014 0.25872 -0.76176 0.07370 -0.08336 0.63823
1518196270.140255213 -0.61063 0.32513 0.25130 -0.76461 0.06509 -0.06390 0.63800
1518196270.190256357 -0.63303 0.33842 0.24155 -0.76772 0.05942 -0.04527 0.63641
1518196270.240255356 -0.65429 0.34927 0.22768 -0.77091 0.05814 -0.03211 0.63347
1518196270.290256262 -0.67288 0.35554 0.21176 -0.77467 0.05902 -0.02053 0.62928
1518196270.340258360 -0.68726 0.35886 0.19205 -0.77910 0.06241 -0.01383 0.62363
1518196270.390256405 -0.69795 0.35935 0.16977 -0.78454 0.06662 -0.00997 0.61641
1518196270.440260410 -0.70387 0.35804 0.14684 -0.79102 0.07414 -0.01071 0.60719
1518196270.490260363 -0.70289 0.35425 0.12476 -0.79847 0.08490 -0.01232 0.59589
1518196270.540266275 -0.69598 0.34705 0.10491 -0.80625 0.09704 -0.01524 0.58336
1518196270.590266228 -0.68175 0.33578 0.08926 -0.81421 0.11126 -0.01917 0.56949
1518196270.640267372 -0.66236 0.32224 0.07765 -0.82059 0.12584 -0.02116 0.55710
1518196270.690269232 -0.63952 0.30816 0.07089 -0.82515 0.14002 -0.02490 0.54672
1518196270.740267277 -0.61581 0.29291 0.06992 -0.82688 0.15347 -0.03183 0.54010
1518196270.790269375 -0.59427 0.27587 0.07480 -0.82566 0.16493 -0.04550 0.53760
1518196270.840272427 -0.57301 0.25680 0.08363 -0.82163 0.17338 -0.06025 0.53967
1518196270.890273333 -0.55126 0.23975 0.09773 -0.81639 0.18035 -0.07531 0.54343
1518196270.940274239 -0.52992 0.22409 0.11523 -0.81018 0.18379 -0.08846 0.54954
1518196270.990276337 -0.51198 0.21341 0.13470 -0.80376 0.18378 -0.10007 0.55694
1518196271.040276289 -0.49878 0.20722 0.15441 -0.79735 0.18041 -0.11154 0.56502
1518196271.090278387 -0.49050 0.20511 0.17250 -0.79172 0.17355 -0.11961 0.57337
1518196271.140275240 -0.48819 0.20871 0.18818 -0.78710 0.16422 -0.12474 0.58133
1518196271.190279245 -0.49082 0.21898 0.20272 -0.78435 0.15469 -0.12551 0.58746
1518196271.240280390 -0.49834 0.22868 0.21485 -0.78217 0.14330 -0.12219 0.59392
1518196271.290275335 -0.51019 0.24037 0.22510 -0.78066 0.13119 -0.11586 0.59995
1518196271.340284348 -0.52600 0.25432 0.23344 -0.77998 0.11886 -0.10672 0.60508
1518196271.390285254 -0.54514 0.27020 0.23940 -0.78036 0.11055 -0.09906 0.60746
1518196271.440286398 -0.56651 0.28549 0.24413 -0.78125 0.10494 -0.09190 0.60843
1518196271.490286350 -0.59109 0.30111 0.24604 -0.78179 0.10083 -0.08865 0.60891
1518196271.540285349 -0.61545 0.31589 0.24642 -0.78217 0.09888 -0.08389 0.60942
1518196271.590290308 -0.64162 0.32606 0.24541 -0.78146 0.09500 -0.07495 0.61211
1518196271.640290260 -0.66707 0.33563 0.24442 -0.78131 0.09136 -0.06482 0.61401
1518196271.690290213 -0.69107 0.34423 0.24226 -0.78136 0.08789 -0.05441 0.61546
1518196271.740293264 -0.71185 0.35549 0.24010 -0.78224 0.08805 -0.04750 0.61490
1518196271.790293217 -0.72797 0.36513 0.23751 -0.78368 0.08842 -0.04054 0.61350
1518196271.840295315 -0.74145 0.37274 0.23620 -0.78511 0.08942 -0.03526 0.61185
1518196271.890296221 -0.74930 0.37561 0.23377 -0.78558 0.08981 -0.02927 0.61150
1518196271.940261364 -0.74930 0.37561 0.23377 -0.78522 0.09083 -0.02679 0.61193
1518196271.990296364 -0.74930 0.37561 0.23377 -0.78533 0.09309 -0.02594 0.61149
1518196272.040291309 -0.74930 0.37561 0.23377 -0.78610 0.09404 -0.02508 0.61039
1518196272.090298414 -0.77661 0.41198 0.22346 -0.78807 0.09679 -0.02832 0.60727
1518196272.140297413 -0.75720 0.41195 0.21931 -0.79095 0.10026 -0.03360 0.60267
1518196272.190292358 -0.73384 0.41173 0.21426 -0.79464 0.10493 -0.04105 0.59653
1518196272.240304232 -0.70950 0.40787 0.20702 -0.79832 0.10946 -0.04787 0.59026
1518196272.290306330 -0.68216 0.40336 0.20074 -0.80102 0.11473 -0.05532 0.58493
1518196272.340306282 -0.65177 0.39316 0.19382 -0.80242 0.11926 -0.06145 0.58149
1518196272.390306234 -0.62160 0.38604 0.19037 -0.80397 0.12437 -0.06987 0.57731
1518196272.440308332 -0.59084 0.37935 0.18757 -0.80475 0.13196 -0.08153 0.57299
1518196272.490310431 -0.55812 0.37263 0.18725 -0.80545 0.13885 -0.08909 0.56923
1518196272.540311337 -0.52670 0.36727 0.18932 -0.80630 0.14458 -0.09311 0.56596
1518196272.590311289 -0.49898 0.36316 0.19370 -0.80702 0.14798 -0.09424 0.56386
1518196272.640314341 -0.47826 0.36035 0.19730 -0.80629 0.14673 -0.09682 0.56479
1518196272.690313339 -0.46370 0.36086 0.20347 -0.80433 0.14278 -0.09904 0.56821
1518196272.740312338 -0.45616 0.36459 0.20834 -0.80103 0.13777 -0.10050 0.57381
1518196272.790314436 -0.45129 0.37326 0.21208 -0.79710 0.13277 -0.10137 0.58029
1518196272.840318203 -0.44963 0.38737 0.21688 -0.79293 0.12852 -0.10107 0.58696
1518196272.890316248 -0.45047 0.40258 0.22011 -0.78791 0.12498 -0.10024 0.59459
1518196272.940315247 -0.45204 0.41844 0.22270 -0.78359 0.12116 -0.09785 0.60144
1518196272.990322351 -0.45503 0.43404 0.22329 -0.77967 0.11658 -0.09481 0.60790
1518196273.040323257 -0.45918 0.44616 0.22456 -0.77737 0.11223 -0.08985 0.61239
1518196273.090312243 -0.46703 0.45387 0.22364 -0.77537 0.10945 -0.08522 0.61608
1518196273.140320301 -0.47803 0.45984 0.22180 -0.77523 0.10905 -0.08285 0.61665
1518196273.185323238 -0.48819 0.45892 0.22150 -0.77587 0.10767 -0.07482 0.61712
1518196273.240324259 -0.50246 0.45610 0.21817 -0.77857 0.11045 -0.07278 0.61345
1518196273.290329218 -0.51871 0.45204 0.21635 -0.78297 0.11395 -0.07260 0.60721
1518196273.340329409 -0.53673 0.44538 0.21506 -0.78780 0.11434 -0.07033 0.60112
1518196273.390328407 -0.55367 0.43487 0.21324 -0.79193 0.11371 -0.06881 0.59598
1518196273.440331221 -0.57417 0.42038 0.20989 -0.79500 0.10980 -0.06554 0.59298
1518196273.490333319 -0.59544 0.40578 0.20768 -0.79775 0.10665 -0.06262 0.59017
1518196273.540334225 -0.61727 0.39180 0.20650 -0.80082 0.10090 -0.05565 0.58771
1518196273.590335369 -0.64169 0.38224 0.20502 -0.80365 0.09858 -0.05207 0.58456
1518196273.640332222 -0.66383 0.37070 0.20404 -0.80479 0.09842 -0.04738 0.58343
1518196273.690338373 -0.68761 0.36007 0.20427 -0.80533 0.09907 -0.04071 0.58307
1518196273.740336418 -0.70974 0.35349 0.20461 -0.80511 0.10154 -0.03560 0.58328
1518196273.790339231 -0.72963 0.34699 0.20479 -0.80451 0.10091 -0.02601 0.58472
1518196273.840341330 -0.75048 0.34590 0.20429 -0.80408 0.09977 -0.02050 0.58573
1518196273.890340328 -0.76988 0.34643 0.20335 -0.80377 0.09657 -0.01398 0.58688
1518196273.940343380 -0.78691 0.34494 0.20355 -0.80255 0.09025 -0.00207 0.58972
1518196273.990344286 -0.79933 0.34807 0.20357 -0.80020 0.08708 0.00892 0.59331
1518196274.040345430 -0.80884 0.34943 0.20630 -0.79618 0.08732 0.01826 0.59845
1518196274.090330362 -0.81238 0.34813 0.21052 -0.78965 0.09000 0.02881 0.60624
1518196274.140348434 -0.80982 0.34496 0.21600 -0.78061 0.09680 0.04041 0.61616
1518196274.190349340 -0.79983 0.34107 0.22061 -0.76958 0.10885 0.05290 0.62698
1518196274.240345240 -0.78236 0.33612 0.22600 -0.75758 0.12435 0.06643 0.63734
1518196274.290350437 -0.76310 0.32616 0.22935 -0.74468 0.14078 0.07763 0.64777
1518196274.340351343 -0.74661 0.31520 0.23078 -0.73308 0.15475 0.08052 0.65739
1518196274.390348434 -0.73026 0.30454 0.22991 -0.72450 0.16455 0.07824 0.66475
1518196274.440355301 -0.71522 0.29282 0.22854 -0.71910 0.16868 0.07119 0.67035
1518196274.490354300 -0.69924 0.28283 0.22778 -0.71753 0.17007 0.06208 0.67258
1518196274.540352345 -0.68269 0.27512 0.22821 -0.71932 0.16853 0.05370 0.67178
1518196274.590357304 -0.66666 0.27067 0.22845 -0.72529 0.16463 0.04508 0.66695
1518196274.640356302 -0.65200 0.26786 0.22929 -0.73424 0.15823 0.03497 0.65926
1518196274.690359354 -0.64131 0.27209 0.22789 -0.74752 0.14722 0.02009 0.64741
1518196274.740356207 -0.63380 0.27977 0.22385 -0.76298 0.13222 0.00165 0.63275
1518196274.790363312 -0.62680 0.29318 0.21914 -0.77977 0.11583 -0.01754 0.61500
1518196274.840363264 -0.62367 0.29960 0.20958 -0.79534 0.09705 -0.03628 0.59725
1518196274.890365362 -0.62021 0.30744 0.19728 -0.81028 0.07838 -0.05369 0.57830
1518196274.940365314 -0.62108 0.30799 0.18516 -0.82246 0.06118 -0.06920 0.56128
1518196274.990367413 -0.62533 0.30682 0.17352 -0.83192 0.04834 -0.08758 0.54581
1518196275.040364265 -0.62841 0.30759 0.15963 -0.83974 0.03864 -0.10706 0.53092
1518196275.090368271 -0.63030 0.30814 0.14511 -0.84670 0.03048 -0.12632 0.51596
1518196275.140369415 -0.63084 0.30922 0.13156 -0.85306 0.02245 -0.14313 0.50130
1518196275.190368414 -0.63152 0.30998 0.11877 0.85907 -0.01197 0.15702 -0.48703
1518196275.240371227 -0.63238 0.30979 0.10814 0.86415 -0.00219 0.16458 -0.47555
1518196275.290371418 -0.63203 0.30707 0.10275 0.86743 0.00502 0.16222 -0.47034
1518196275.340375423 -0.63235 0.30161 0.10483 0.86736 0.00504 0.15338 -0.47342
1518196275.390369415 -0.63103 0.29414 0.11396 0.86228 -0.00275 0.13855 -0.48710
1518196275.440373421 -0.62898 0.28378 0.12809 -0.85116 0.01977 -0.12865 0.50850
1518196275.490379333 -0.62961 0.27047 0.14489 -0.83592 0.04209 -0.11997 0.53392
1518196275.540380239 -0.62966 0.25828 0.16266 -0.81865 0.06431 -0.10856 0.56025
1518196275.590378284 -0.63382 0.24721 0.17844 -0.80129 0.08460 -0.09411 0.58475
1518196275.640378237 -0.63931 0.23673 0.19603 -0.78386 0.10369 -0.07922 0.60707
1518196275.690383434 -0.64814 0.22953 0.21116 -0.76775 0.12263 -0.06805 0.62522
1518196275.740381241 -0.65950 0.22260 0.22503 -0.75403 0.13985 -0.06142 0.63883
1518196275.790386200 -0.67111 0.22219 0.23651 -0.74404 0.15260 -0.05536 0.64811
1518196275.840385437 -0.68699 0.22008 0.24545 -0.73702 0.15903 -0.05100 0.65492
1518196275.890388250 -0.70585 0.21382 0.25383 -0.73252 0.16040 -0.04678 0.65993
1518196275.940383434 -0.72604 0.21198 0.26086 -0.73055 0.16047 -0.04315 0.66233
1518196275.990389347 -0.74689 0.21105 0.26617 -0.72953 0.16147 -0.03948 0.66344
1518196276.040390253 -0.76313 0.20991 0.26984 -0.72884 0.16328 -0.02888 0.66430
1518196276.090393305 -0.77371 0.20874 0.27028 -0.72720 0.16649 -0.01349 0.66579
1518196276.140392303 -0.78180 0.20715 0.26781 -0.72543 0.17381 0.00010 0.66599
1518196276.190390348 -0.78505 0.20701 0.26290 -0.72446 0.18386 0.00968 0.66428
1518196276.240391254 -0.78298 0.21151 0.25601 -0.72657 0.19449 0.01348 0.65885
1518196276.290393353 -0.77715 0.21723 0.24870 -0.73066 0.20070 0.01513 0.65240
1518196276.340395212 -0.76864 0.22169 0.24228 -0.73194 0.20505 0.00967 0.64972
1518196276.390390396 -0.75691 0.22618 0.23654 -0.73120 0.21413 -0.00368 0.64768
1518196276.440395355 -0.74169 0.22887 0.22939 -0.73164 0.21577 -0.01646 0.64643
1518196276.490390301 -0.72143 0.22919 0.22211 -0.73423 0.21266 -0.02678 0.64418
1518196276.540401220 -0.69929 0.23127 0.21612 -0.73877 0.20610 -0.03780 0.64056
1518196276.590404272 -0.67454 0.23279 0.21112 -0.74358 0.19618 -0.04552 0.63760
1518196276.640405416 -0.65201 0.23735 0.20691 -0.74863 0.18544 -0.05699 0.63397
1518196276.690394402 -0.62839 0.24382 0.20622 -0.75299 0.17760 -0.06810 0.62994
1518196276.740403414 -0.60460 0.24835 0.20862 -0.75540 0.16855 -0.07544 0.62871
1518196276.790401220 -0.58591 0.25168 0.21175 -0.75557 0.15983 -0.08412 0.62968
1518196276.840406418 -0.57053 0.25718 0.21728 -0.75543 0.14953 -0.08957 0.63162
1518196276.890411377 -0.55952 0.26353 0.22338 -0.75454 0.13626 -0.09166 0.63538
1518196276.940409422 -0.55541 0.27142 0.23031 -0.75339 0.12324 -0.09461 0.63895
1518196276.990411282 -0.55747 0.28110 0.23625 -0.75209 0.10867 -0.09591 0.64292
1518196277.040414333 -0.56533 0.29055 0.24121 -0.75057 0.09497 -0.09528 0.64696
1518196277.090414286 -0.57862 0.29957 0.24369 -0.74864 0.08177 -0.09101 0.65159
1518196277.140412331 -0.59630 0.30827 0.24363 -0.74659 0.07244 -0.08684 0.65560
1518196277.190417290 -0.61600 0.31401 0.24016 -0.74485 0.06582 -0.07948 0.65920
1518196277.240417242 -0.63991 0.31855 0.23248 -0.74376 0.06125 -0.07238 0.66169
1518196277.290417433 -0.66036 0.32285 0.22049 -0.74467 0.06026 -0.06429 0.66159
1518196277.340417385 -0.67887 0.32478 0.20329 -0.74697 0.06265 -0.05710 0.65943
1518196277.390422344 -0.69483 0.32657 0.18252 -0.75063 0.06864 -0.05022 0.65522
1518196277.440422297 -0.70551 0.32698 0.16140 -0.75496 0.07608 -0.04467 0.64981
1518196277.490424395 -0.71305 0.32422 0.13869 -0.75901 0.08587 -0.04239 0.64399
1518196277.540425301 -0.71664 0.31931 0.11625 -0.76370 0.09786 -0.04185 0.63673
1518196277.590427399 -0.71823 0.31205 0.09450 -0.76827 0.11387 -0.04448 0.62834
1518196277.640424252 -0.71665 0.30434 0.07707 -0.77411 0.13163 -0.04986 0.61721
1518196277.690429211 -0.71438 0.29130 0.06360 -0.77924 0.14905 -0.05788 0.60598
1518196277.740430355 -0.71014 0.27657 0.05773 -0.78445 0.16517 -0.06722 0.59401
1518196277.790432215 -0.70314 0.26288 0.05720 -0.78964 0.17891 -0.07675 0.58187
1518196277.840430260 -0.69493 0.25039 0.06566 -0.79497 0.18793 -0.08511 0.57049
1518196277.890434265 -0.69019 0.23754 0.07973 -0.79894 0.19419 -0.09531 0.56116
1518196277.940428257 -0.68244 0.22735 0.09894 -0.80115 0.19990 -0.10434 0.55435
1518196277.990434408 -0.67371 0.21657 0.12231 -0.80215 0.20007 -0.10898 0.55195
1518196278.040432215 -0.66321 0.21211 0.14860 -0.80356 0.19969 -0.11395 0.54903
1518196278.090436220 -0.65003 0.21050 0.17662 -0.80592 0.19690 -0.11264 0.54685
1518196278.140439272 -0.63454 0.21496 0.20605 -0.81068 0.19198 -0.10725 0.54263
1518196278.190435410 -0.61851 0.22213 0.23453 -0.81528 0.18298 -0.10018 0.54018
1518196278.240434408 -0.60760 0.23668 0.25961 -0.82056 0.17201 -0.09739 0.53629
1518196278.290440321 -0.60228 0.25122 0.28175 -0.82277 0.15818 -0.09386 0.53779
1518196278.340441227 -0.60371 0.26550 0.30004 -0.82341 0.14206 -0.09242 0.54155
1518196278.390444279 -0.61047 0.27946 0.31549 -0.82290 0.12575 -0.09335 0.54617
1518196278.440443277 -0.62029 0.29477 0.32614 -0.82270 0.10979 -0.09269 0.55001
1518196278.490448236 -0.63221 0.31003 0.33428 -0.82251 0.09659 -0.09205 0.55288
1518196278.540448427 -0.64311 0.32491 0.33747 -0.82321 0.08351 -0.08644 0.55486
1518196278.590450287 -0.65500 0.34056 0.33369 -0.82542 0.07351 -0.08316 0.55351
1518196278.640448332 -0.66493 0.35545 0.32612 -0.82902 0.06535 -0.07523 0.55026
1518196278.690452337 -0.67636 0.36809 0.31526 -0.83358 0.06176 -0.06842 0.54465
1518196278.740441322 -0.68408 0.37667 0.30142 -0.83817 0.06251 -0.05817 0.53868
1518196278.790452242 -0.69187 0.37921 0.28647 -0.84196 0.06510 -0.04629 0.53359
1518196278.840454340 -0.69610 0.37794 0.27066 -0.84557 0.06951 -0.03470 0.52817
1518196278.890456200 -0.70080 0.37531 0.25445 -0.84883 0.07714 -0.02796 0.52226
1518196278.940456390 -0.70340 0.37108 0.23734 -0.85269 0.08835 -0.02708 0.51417
1518196278.990459204 -0.69799 0.36147 0.22313 -0.85599 0.10070 -0.02117 0.50666
1518196279.040458202 -0.69202 0.35089 0.21185 0.85892 -0.11648 0.02501 -0.49806
1518196279.090452433 -0.68089 0.33850 0.20494 0.86177 -0.13238 0.02980 -0.48881
1518196279.140456200 -0.66666 0.32734 0.20357 0.86490 -0.14756 0.03746 -0.47830
1518196279.190461397 -0.65167 0.31579 0.20373 0.86619 -0.15797 0.04421 -0.47203
1518196279.240465403 -0.63585 0.30585 0.20473 0.86536 -0.16588 0.05673 -0.46949
1518196279.290464401 -0.62073 0.29127 0.20546 0.86167 -0.17048 0.07245 -0.47245
1518196279.340455294 -0.60279 0.28390 0.21025 0.85753 -0.17241 0.08235 -0.47763
1518196279.390466213 -0.58293 0.28290 0.21523 0.85368 -0.17326 0.09172 -0.48249
1518196279.440469265 -0.56076 0.28713 0.22136 0.85034 -0.17212 0.09537 -0.48807
1518196279.490467310 -0.54226 0.29583 0.22683 0.84752 -0.17091 0.10235 -0.49196
1518196279.540466309 -0.52483 0.30525 0.23137 0.84447 -0.16913 0.10894 -0.49638
1518196279.590473413 -0.50684 0.31904 0.23511 0.84211 -0.16998 0.11457 -0.49883
1518196279.640472412 -0.48820 0.33014 0.23779 -0.83984 0.17016 -0.11518 0.50245
1518196279.690474272 -0.47288 0.34239 0.24031 -0.83866 0.17167 -0.11395 0.50417
1518196279.740476370 -0.46426 0.35328 0.24219 -0.83754 0.17168 -0.11408 0.50600
1518196279.790467262 -0.46141 0.36369 0.24283 -0.83672 0.17063 -0.11343 0.50786
1518196279.840478420 -0.46654 0.37246 0.24334 -0.83701 0.16577 -0.10795 0.51018
1518196279.890480280 -0.47830 0.38137 0.24360 -0.83853 0.15788 -0.10072 0.51165
1518196279.940480232 -0.49536 0.39239 0.24470 -0.84222 0.14914 -0.09370 0.50956
1518196279.990477324 -0.51891 0.40623 0.24807 -0.84716 0.14115 -0.08648 0.50490
1518196280.040481329 -0.54475 0.41292 0.24795 -0.85151 0.13255 -0.07738 0.50137
1518196280.090483427 -0.57438 0.41439 0.24879 -0.85467 0.12160 -0.06635 0.50034
1518196280.140485287 -0.60424 0.41150 0.25056 -0.85658 0.11104 -0.05334 0.50109
1518196280.190485239 -0.63611 0.41051 0.25219 -0.85768 0.09850 -0.03960 0.50311
1518196280.240488291 -0.66603 0.40914 0.25343 -0.85800 0.08940 -0.02757 0.50505
1518196280.290487289 -0.69479 0.40499 0.25480 -0.85621 0.08033 -0.01263 0.51018
1518196280.340487242 -0.72004 0.40314 0.25640 -0.85502 0.07353 -0.00041 0.51336
1518196280.390486240 -0.74045 0.39847 0.25794 -0.85244 0.06657 0.01293 0.51841
1518196280.440492392 -0.76108 0.39383 0.25744 -0.84954 0.05943 0.01277 0.52401
1518196280.490491390 -0.77471 0.38871 0.25823 -0.84618 0.05187 0.01164 0.53024
1518196280.540488243 -0.77777 0.38618 0.26157 -0.84306 0.05045 0.01039 0.53534
1518196280.590496302 -0.77310 0.38105 0.26370 -0.84018 0.05483 0.01055 0.53942
1518196280.640497208 -0.75949 0.37779 0.26344 -0.83871 0.06438 0.00941 0.54068
1518196280.690498352 -0.73968 0.37695 0.26269 -0.83872 0.07783 0.00358 0.53897
1518196280.740497351 -0.71666 0.37573 0.25802 -0.83885 0.08955 -0.00420 0.53693
1518196280.790500402 -0.69036 0.37245 0.25206 -0.83867 0.10006 -0.01779 0.53508
1518196280.840499401 -0.66314 0.36833 0.24668 -0.83784 0.10741 -0.03170 0.53431
1518196280.890499353 -0.63257 0.36491 0.24117 -0.83696 0.11431 -0.04790 0.53305
1518196280.940502405 -0.60024 0.36011 0.23742 -0.83577 0.12006 -0.06112 0.53230
1518196280.990502357 -0.56642 0.36092 0.23395 -0.83501 0.12559 -0.07580 0.53032
1518196281.040505409 -0.53479 0.36377 0.23252 -0.83507 0.13177 -0.09034 0.52644
1518196281.090507269 -0.50290 0.36834 0.22987 -0.83500 0.13775 -0.10458 0.52236
1518196281.140506268 -0.47403 0.37103 0.22825 -0.83486 0.14204 -0.11820 0.51852
1518196281.190506220 -0.44794 0.37133 0.22784 -0.83455 0.14677 -0.12784 0.51540
1518196281.240495205 -0.42847 0.37073 0.22965 -0.83457 0.15091 -0.13546 0.51222
1518196281.290503263 -0.42847 0.37073 0.22965 -0.83491 0.15196 -0.13518 0.51143
1518196281.340509415 -0.42847 0.37073 0.22965 -0.83500 0.15096 -0.13321 0.51209
1518196281.390512228 -0.28316 0.37956 0.25827 -0.83390 0.15071 -0.12985 0.51482
1518196281.440511227 -0.28619 0.38193 0.27295 -0.83275 0.15064 -0.12507 0.51788
1518196281.490513325 -0.29096 0.38481 0.29024 -0.83117 0.15153 -0.11913 0.52154
1518196281.540517330 -0.30116 0.38762 0.30599 -0.82983 0.14780 -0.11405 0.52586
1518196281.590515375 -0.30759 0.39151 0.32644 -0.82869 0.14319 -0.11124 0.52953
1518196281.640520334 -0.33139 0.39919 0.34489 -0.82818 0.13370 -0.11207 0.53262
1518196281.690521240 -0.35675 0.40569 0.36087 -0.82749 0.12181 -0.11562 0.53577
1518196281.740518332 -0.38159 0.41415 0.37453 -0.82614 0.10666 -0.11508 0.54118
1518196281.790519238 -0.40810 0.41734 0.38726 -0.82434 0.09151 -0.11621 0.54644
1518196281.840521336 -0.43555 0.42398 0.39586 -0.82297 0.07831 -0.11634 0.55051
1518196281.890524387 -0.46206 0.43164 0.40195 -0.82286 0.06717 -0.11430 0.55256
1518196281.940527201 -0.48418 0.44005 0.40452 -0.82299 0.05927 -0.10726 0.55467
1518196281.990528345 -0.50689 0.44623 0.40493 -0.82273 0.05385 -0.10023 0.55693
1518196282.040529251 -0.52724 0.45187 0.40024 -0.82199 0.05371 -0.09855 0.55833
1518196282.090524435 -0.54300 0.45261 0.39010 -0.82031 0.05401 -0.09343 0.56165
1518196282.140531301 -0.55707 0.45017 0.37659 -0.81813 0.05641 -0.08922 0.56527
1518196282.190532207 -0.56747 0.44889 0.35637 -0.81613 0.05953 -0.08785 0.56804
1518196282.240531206 -0.57442 0.44786 0.32846 -0.81501 0.06425 -0.08759 0.56918
1518196282.290534258 -0.58004 0.44592 0.29642 -0.81483 0.06635 -0.08403 0.56973
1518196282.340536356 -0.58577 0.44592 0.26003 -0.81633 0.07006 -0.08156 0.56749
1518196282.390537262 -0.58986 0.44454 0.22129 -0.81836 0.07296 -0.08056 0.56433
1518196282.440538406 -0.59582 0.44544 0.18103 -0.82171 0.07513 -0.08494 0.55851
1518196282.490536213 -0.59846 0.44797 0.14335 -0.82763 0.07648 -0.08569 0.54940
1518196282.540539265 -0.59832 0.44901 0.10537 -0.83416 0.07823 -0.08532 0.53923
1518196282.590539217 -0.59375 0.45364 0.07275 -0.84244 0.08475 -0.08291 0.52559
1518196282.640540361 -0.58913 0.45255 0.04513 -0.84923 0.09153 -0.07723 0.51426
1518196282.690540314 -0.58470 0.45311 0.02190 -0.85586 0.09956 -0.07222 0.50237
1518196282.740540266 -0.58483 0.44340 0.00560 0.85797 -0.10658 0.07008 -0.49761
1518196282.790545225 -0.58594 0.43243 -0.00016 0.85793 -0.11284 0.06993 -0.49632
1518196282.840547323 -0.58393 0.42694 0.00352 0.85669 -0.11819 0.07113 -0.49705
1518196282.890546322 -0.58393 0.42694 0.00352 0.85601 -0.12273 0.06878 -0.49744
1518196282.940548420 -0.56003 0.41979 -0.04861 0.85492 -0.12491 0.07113 -0.49844
1518196282.990551233 -0.55871 0.42125 -0.01329 -0.85263 0.12693 -0.07305 0.50157
1518196283.040548325 -0.55794 0.42476 0.02813 -0.85148 0.12703 -0.07481 0.50324
1518196283.090552330 -0.55416 0.42847 0.07079 -0.85002 0.12928 -0.08024 0.50429
1518196283.140552282 -0.55412 0.43442 0.11566 -0.84875 0.13089 -0.09001 0.50437
1518196283.190552235 -0.55437 0.44059 0.15954 -0.84561 0.13363 -0.10272 0.50650
1518196283.240553379 -0.54977 0.45189 0.19966 -0.84326 0.13563 -0.11016 0.50831
1518196283.290557384 -0.54634 0.45610 0.23671 -0.83949 0.13602 -0.11530 0.51329
1518196283.340559244 -0.53831 0.46631 0.26860 -0.83760 0.13653 -0.11548 0.51618
1518196283.390560389 -0.53667 0.47927 0.29305 -0.83590 0.13662 -0.11890 0.51813
1518196283.440560341 -0.53221 0.49115 0.31030 -0.83408 0.13720 -0.12228 0.52013
1518196283.490560293 -0.52962 0.50277 0.31773 -0.83107 0.13732 -0.12729 0.52370
1518196283.540561199 -0.52837 0.51029 0.31806 -0.82656 0.13704 -0.13361 0.52930
1518196283.590560436 -0.52787 0.51386 0.31177 -0.82240 0.13450 -0.13510 0.53601
1518196283.640559435 -0.52863 0.51557 0.29784 -0.81984 0.12997 -0.13433 0.54122
1518196283.690562248 -0.52926 0.51945 0.27791 -0.81865 0.12616 -0.13101 0.54473
1518196283.740564346 -0.53237 0.52204 0.24731 -0.81707 0.12398 -0.13131 0.54753
1518196283.790568352 -0.53671 0.52300 0.21147 -0.81597 0.12556 -0.13400 0.54816
1518196283.840570211 -0.54403 0.52079 0.17136 -0.81561 0.12552 -0.13699 0.54797
1518196283.890571356 -0.55018 0.51495 0.13189 -0.81666 0.12533 -0.13843 0.54607
1518196283.940572262 -0.55499 0.50622 0.09634 -0.81858 0.12611 -0.13524 0.54382
1518196283.990573406 -0.55802 0.49834 0.06301 -0.82118 0.12636 -0.12964 0.54119
1518196284.040573359 -0.55654 0.49106 0.03188 -0.82600 0.12926 -0.12272 0.53475
1518196284.090570211 -0.55631 0.48551 0.00541 -0.83129 0.13397 -0.11702 0.52661
1518196284.140576363 -0.55237 0.48144 -0.01390 -0.83751 0.14485 -0.11109 0.51503
1518196284.190575361 -0.54745 0.47437 -0.02641 -0.84124 0.15748 -0.11066 0.50523
1518196284.240579367 -0.54233 0.46446 -0.03070 0.84369 -0.16764 0.10850 -0.49831
1518196284.290579319 -0.53857 0.45505 -0.02856 0.84445 -0.17531 0.10599 -0.49491
1518196284.340580225 -0.53593 0.44705 -0.01812 0.84396 -0.18041 0.10406 -0.49432
1518196284.390581369 -0.53718 0.44269 -0.00011 0.84192 -0.18037 0.10656 -0.49727
1518196284.440579414 -0.54291 0.43963 0.02132 -0.83744 0.17575 -0.11324 0.50496
1518196284.490584373 -0.55267 0.43897 0.04566 -0.83124 0.16733 -0.12050 0.51625
1518196284.540583372 -0.56345 0.43814 0.07064 -0.82419 0.15592 -0.12384 0.53015
1518196284.590579271 -0.57878 0.44020 0.09404 -0.81762 0.14066 -0.12212 0.54479
1518196284.640588284 -0.59934 0.44651 0.11441 -0.81314 0.12057 -0.11680 0.55734
1518196284.690589428 -0.62390 0.45684 0.13152 -0.81098 0.10108 -0.10965 0.56574
1518196284.740591288 -0.64817 0.46649 0.14735 -0.81058 0.08139 -0.09903 0.57143
1518196284.790592432 -0.67170 0.47751 0.15739 -0.81115 0.06604 -0.08766 0.57445
1518196284.840592384 -0.69553 0.48477 0.16503 -0.81176 0.05282 -0.07482 0.57677
1518196284.890592337 -0.71646 0.49092 0.17058 -0.81232 0.04553 -0.06531 0.57775
1518196284.940593243 -0.73053 0.49135 0.17495 -0.81192 0.04209 -0.05456 0.57969
1518196284.990592241 -0.73053 0.49135 0.17495 -0.81099 0.04422 -0.04722 0.58147
1518196285.040592432 -0.73053 0.49135 0.17495 -0.81124 0.05247 -0.04328 0.58074
1518196285.090598345 -0.81446 0.51891 0.20859 -0.81226 0.06252 -0.04531 0.57816
1518196285.140599251 -0.79752 0.51705 0.20511 -0.81505 0.07387 -0.05067 0.57242
1518196285.190599203 -0.77694 0.51495 0.20041 -0.81931 0.08296 -0.05713 0.56444
1518196285.240596294 -0.75273 0.51028 0.19179 -0.82425 0.09352 -0.06839 0.55425
1518196285.290603399 -0.72705 0.50614 0.18186 -0.82941 0.10366 -0.08151 0.54285
1518196285.340602398 -0.69562 0.50406 0.17060 -0.83393 0.11516 -0.09702 0.53093
1518196285.390603304 -0.66133 0.49902 0.15929 -0.83700 0.12796 -0.11117 0.52029
1518196285.440607309 -0.62507 0.49494 0.15076 -0.83893 0.14353 -0.12400 0.51012
1518196285.490606308 -0.58898 0.48384 0.14451 -0.83887 0.16057 -0.13467 0.50238
1518196285.540609360 -0.55225 0.47628 0.13918 0.83764 -0.17719 0.14318 -0.49645
1518196285.590609312 -0.51924 0.46874 0.13637 0.83497 -0.19243 0.15307 -0.49231
1518196285.640611410 -0.48854 0.46394 0.13562 0.83204 -0.20624 0.16253 -0.48863
1518196285.690602303 -0.46383 0.45989 0.13785 0.82875 -0.21698 0.17220 -0.48624
1518196285.740613222 -0.44373 0.45474 0.14344 0.82552 -0.22436 0.17854 -0.48612
1518196285.790611267 -0.43015 0.45231 0.15222 0.82238 -0.22977 0.18347 -0.48707
1518196285.840613365 -0.42267 0.45109 0.16685 0.81987 -0.23247 0.18400 -0.48980
1518196285.890615225 -0.42003 0.45509 0.18629 0.81814 -0.23541 0.18544 -0.49076
1518196285.940617323 -0.41728 0.46053 0.20892 0.81690 -0.23697 0.18454 -0.49240
1518196285.990617275 -0.41946 0.46980 0.23435 0.81661 -0.23820 0.18595 -0.49177
1518196286.040620327 -0.42499 0.47989 0.25904 0.81606 -0.23880 0.19035 -0.49070
1518196286.090618372 -0.43177 0.48762 0.28331 0.81736 -0.23575 0.19030 -0.49003
1518196286.140623331 -0.44343 0.49586 0.30469 0.81825 -0.22799 0.19016 -0.49228
1518196286.190624237 -0.45966 0.50272 0.32303 0.81894 -0.21696 0.18720 -0.49721
1518196286.240622282 -0.48079 0.51233 0.33639 -0.81837 0.20447 -0.18596 0.50387
1518196286.290626287 -0.50180 0.52401 0.34570 -0.81687 0.19279 -0.18489 0.51124
1518196286.340622425 -0.52406 0.53738 0.35141 -0.81533 0.18264 -0.18198 0.51843
1518196286.390623331 -0.54239 0.55377 0.35481 -0.81420 0.17788 -0.17717 0.52350
1518196286.440629244 -0.55806 0.57002 0.35719 -0.81231 0.17758 -0.16980 0.52895
1518196286.490617275 -0.57245 0.58672 0.35651 -0.80955 0.17981 -0.16351 0.53438
1518196286.540626287 -0.58358 0.60238 0.35494 -0.80733 0.18195 -0.15385 0.53986
1518196286.590633392 -0.59400 0.61858 0.35133 -0.80424 0.18606 -0.14637 0.54512
1518196286.640632391 -0.60309 0.63266 0.34725 -0.80054 0.18844 -0.13681 0.55218
1518196286.690629244 -0.61442 0.64922 0.34282 -0.79737 0.19251 -0.13231 0.55645
1518196286.740636349 -0.62491 0.66270 0.33791 -0.79478 0.19285 -0.12798 0.56103
1518196286.790634394 -0.63659 0.67534 0.33234 -0.79344 0.19125 -0.12369 0.56443
1518196286.840633392 -0.64694 0.68667 0.32669 -0.79312 0.18947 -0.12121 0.56602
1518196286.890637398 -0.65486 0.69064 0.32261 -0.79465 0.18246 -0.11021 0.56841
1518196286.940637350 -0.66554 0.69210 0.31713 -0.79643 0.17484 -0.10298 0.56967
1518196286.990637302 -0.67750 0.68954 0.31050 -0.79847 0.16605 -0.09912 0.57013
1518196287.040640354 -0.68786 0.68203 0.30409 -0.80029 0.15771 -0.09729 0.57026
1518196287.090641260 -0.69495 0.67041 0.29827 -0.80153 0.15137 -0.09683 0.57032
1518196287.140645266 -0.69964 0.65448 0.29399 -0.80294 0.14651 -0.09511 0.56990
1518196287.190645218 -0.70349 0.63469 0.28974 -0.80330 0.14616 -0.09831 0.56893
1518196287.240648270 -0.70474 0.61096 0.28658 -0.80393 0.14708 -0.09972 0.56755
1518196287.290646315 -0.70446 0.58545 0.28392 -0.80463 0.14894 -0.10230 0.56562
1518196287.340650320 -0.70247 0.55641 0.28257 -0.80576 0.15054 -0.10286 0.56347
1518196287.390651226 -0.70001 0.52441 0.28283 -0.80596 0.15302 -0.10510 0.56211
1518196287.440648317 -0.69845 0.48746 0.28246 -0.80510 0.15434 -0.10873 0.56229
1518196287.490649223 -0.69768 0.44858 0.28475 -0.80445 0.15443 -0.11187 0.56258
1518196287.540655375 -0.69839 0.40842 0.28923 -0.80417 0.15450 -0.11697 0.56193
1518196287.590656281 -0.69772 0.37049 0.29489 -0.80452 0.15912 -0.12510 0.55837
1518196287.640656233 -0.69655 0.33413 0.30062 -0.80398 0.16573 -0.13505 0.55490
1518196287.690658331 -0.69329 0.29896 0.30777 -0.80345 0.17281 -0.14413 0.55120
1518196287.740659237 -0.68956 0.26587 0.31522 -0.80196 0.18301 -0.15360 0.54752
1518196287.790660381 -0.68409 0.23689 0.32286 -0.79987 0.19533 -0.16435 0.54318
1518196287.840662241 -0.67645 0.20987 0.33087 -0.79748 0.20842 -0.17237 0.53933
1518196287.890663385 -0.66780 0.18511 0.33840 -0.79437 0.22157 -0.18016 0.53612
1518196287.940662384 -0.65998 0.16121 0.34682 -0.79028 0.23500 -0.18702 0.53409
1518196287.990663290 -0.65395 0.14180 0.35572 -0.78530 0.24846 -0.19574 0.53222
1518196288.040666342 -0.64975 0.12444 0.36587 -0.78006 0.26065 -0.20204 0.53174
1518196288.090667248 -0.65031 0.11094 0.37710 -0.77605 0.26820 -0.20599 0.53234
1518196288.140665293 -0.65491 0.10030 0.38847 -0.77332 0.26817 -0.20712 0.53588
1518196288.190670252 -0.66391 0.09595 0.39994 -0.77335 0.26162 -0.20484 0.53993
1518196288.240670204 -0.67756 0.09948 0.40909 -0.77516 0.25041 -0.20160 0.54385
1518196288.290670395 -0.69728 0.10767 0.41699 -0.77764 0.23662 -0.19581 0.54858
1518196288.340672255 -0.72204 0.12053 0.42373 -0.78071 0.22184 -0.18840 0.55298
1518196288.390672207 -0.74728 0.13174 0.42882 -0.78478 0.20469 -0.17326 0.55875
1518196288.440671206 -0.77061 0.14339 0.43069 -0.78855 0.19216 -0.16094 0.56156
1518196288.490674257 -0.79166 0.15301 0.43042 -0.79203 0.18286 -0.14685 0.56363
1518196288.540678263 -0.81254 0.15835 0.42692 -0.79477 0.17690 -0.13418 0.56484
1518196288.590679407 -0.83268 0.16125 0.41927 -0.79665 0.17288 -0.12245 0.56610
1518196288.640679359 -0.85063 0.15950 0.40914 -0.79836 0.17007 -0.11138 0.56683
1518196288.690679312 -0.86712 0.15412 0.39845 -0.79937 0.17066 -0.10368 0.56669
1518196288.740679264 -0.88061 0.14443 0.38795 -0.80071 0.17149 -0.09546 0.56599
1518196288.790683270 -0.89154 0.13390 0.37715 -0.80211 0.17538 -0.09182 0.56340
1518196288.840682268 -0.89515 0.12165 0.36766 -0.80355 0.17985 -0.08824 0.56051
1518196288.890684366 -0.89547 0.10899 0.35873 -0.80563 0.18606 -0.08896 0.55536
1518196288.940687418 -0.89503 0.09483 0.35127 -0.80785 0.19486 -0.09360 0.54831
1518196288.990683317 -0.89191 0.07993 0.34611 -0.80953 0.20492 -0.09940 0.54110
1518196289.040688276 -0.88654 0.06391 0.34160 -0.81019 0.21278 -0.10443 0.53611
1518196289.090686321 -0.87789 0.04909 0.33980 -0.81024 0.22076 -0.11115 0.53143
1518196289.140689373 -0.86802 0.03805 0.34212 -0.80913 0.22891 -0.12015 0.52771
1518196289.190691233 -0.85639 0.03080 0.34848 -0.80709 0.23616 -0.12973 0.52536
1518196289.240692377 -0.84794 0.02314 0.35516 -0.80353 0.23947 -0.13983 0.52672
1518196289.290690422 -0.84192 0.01733 0.36411 -0.79912 0.23940 -0.14847 0.53109
1518196289.340696335 -0.83867 0.01606 0.37570 -0.79458 0.23595 -0.15409 0.53780
1518196289.390696287 -0.83928 0.01900 0.38701 -0.79055 0.22901 -0.15967 0.54506
1518196289.440698385 -0.84203 0.02569 0.39854 -0.78772 0.21868 -0.16149 0.55280
1518196289.490697384 -0.84553 0.03597 0.40819 -0.78620 0.20427 -0.15901 0.56114
1518196289.540697336 -0.85137 0.05002 0.41742 -0.78612 0.18786 -0.15135 0.56905
1518196289.590702295 -0.86193 0.06680 0.42666 -0.78625 0.17001 -0.13984 0.57737
1518196289.640703201 -0.87622 0.08717 0.43326 -0.78718 0.15292 -0.12869 0.58344
1518196289.690702200 -0.89190 0.11044 0.43857 -0.78933 0.13651 -0.11509 0.58743
1518196289.740704298 -0.90653 0.13389 0.43888 -0.79161 0.12444 -0.10593 0.58876
1518196289.790701389 -0.91940 0.15251 0.43760 -0.79304 0.11671 -0.09738 0.58989
1518196289.840705395 -0.93297 0.16767 0.43384 -0.79437 0.11312 -0.09087 0.58985
1518196289.890708208 -0.94393 0.17518 0.43048 -0.79538 0.11259 -0.08386 0.58963
1518196289.940703392 -0.95555 0.17756 0.42550 -0.79615 0.11431 -0.08041 0.58873
1518196289.990704298 -0.96109 0.17851 0.42028 -0.79645 0.12235 -0.08089 0.58665
1518196290.040694237 -0.96010 0.17406 0.41495 -0.79682 0.13093 -0.07900 0.58454
1518196290.090712309 -0.95348 0.16476 0.40863 -0.79703 0.13858 -0.07825 0.58260
1518196290.140712261 -0.93716 0.15489 0.40180 -0.79768 0.14406 -0.07826 0.58037
1518196290.190709352 -0.91626 0.14655 0.39419 -0.79931 0.14905 -0.08261 0.57624
1518196290.240714312 -0.89375 0.13650 0.38568 -0.80109 0.15141 -0.08840 0.57230
1518196290.290712357 -0.86841 0.12520 0.37651 -0.80263 0.15324 -0.09618 0.56838
1518196290.340709209 -0.84083 0.11055 0.36869 -0.80385 0.15260 -0.10055 0.56606
1518196290.390720367 -0.81306 0.09630 0.36298 -0.80468 0.15133 -0.10582 0.56427
1518196290.440719366 -0.78558 0.08146 0.35918 -0.80420 0.15196 -0.11315 0.56336
1518196290.490721226 -0.75947 0.06775 0.35770 -0.80256 0.15599 -0.12503 0.56208
1518196290.540722370 -0.73343 0.05360 0.35704 -0.79997 0.16281 -0.13818 0.56075
1518196290.590721369 -0.70851 0.03996 0.35718 -0.79759 0.17104 -0.15007 0.55863
1518196290.640724421 -0.68518 0.02884 0.35749 -0.79421 0.17921 -0.16274 0.55734
1518196290.690723419 -0.66289 0.02117 0.35765 -0.79121 0.18886 -0.17588 0.55443
1518196290.740727425 -0.64397 0.01483 0.35854 -0.78793 0.19901 -0.18832 0.55145
1518196290.790729284 -0.62866 0.00996 0.35987 -0.78599 0.20755 -0.19496 0.54876
1518196290.840726376 -0.62866 0.00996 0.35987 -0.78616 0.21079 -0.19603 0.54690
1518196290.890731335 -0.62866 0.00996 0.35987 -0.78705 0.21047 -0.19445 0.54629
1518196290.940721273 -0.54623 -0.01770 0.36741 -0.78839 0.20543 -0.19133 0.54739
1518196290.990728378 -0.56689 -0.00703 0.36712 -0.78893 0.19915 -0.18951 0.54956
1518196291.040733337 -0.59203 0.00535 0.36797 -0.79076 0.19085 -0.18040 0.55293
1518196291.090734243 -0.61874 0.01481 0.36747 -0.79194 0.18309 -0.17042 0.55702
1518196291.140735388 -0.64856 0.02910 0.36746 -0.79346 0.17795 -0.16177 0.55910
1518196291.190731287 -0.68106 0.04348 0.36699 -0.79561 0.17019 -0.14813 0.56223
1518196291.240735292 -0.71448 0.05780 0.36527 -0.79728 0.16512 -0.13592 0.56445
1518196291.290741205 -0.74610 0.07046 0.36334 -0.79942 0.15907 -0.11962 0.56685
1518196291.340741396 -0.77664 0.08389 0.36015 -0.80180 0.15304 -0.10368 0.56828
1518196291.390741348 -0.80441 0.09302 0.35738 -0.80386 0.14722 -0.08863 0.56945
1518196291.440744400 -0.83202 0.10365 0.35440 -0.80623 0.14019 -0.07252 0.57016
1518196291.490744352 -0.85788 0.11252 0.35031 -0.80822 0.13333 -0.05888 0.57056
1518196291.540743351 -0.88141 0.11933 0.34752 -0.81060 0.12484 -0.04339 0.57049
1518196291.590747356 -0.90318 0.12609 0.34403 -0.81311 0.11823 -0.03341 0.56900
1518196291.640748262 -0.91904 0.13001 0.34295 -0.81545 0.11206 -0.02448 0.56735
1518196291.690745354 -0.93187 0.13032 0.34255 -0.81662 0.10706 -0.01837 0.56686
1518196291.740707397 -0.93187 0.13032 0.34255 -0.81652 0.10449 -0.01733 0.56752
1518196291.790749311 -0.93187 0.13032 0.34255 -0.81585 0.10343 -0.01733 0.56867
1518196291.840750217 -1.00523 0.14468 0.33150 -0.81405 0.10417 -0.01924 0.57105
1518196291.890752316 -0.98677 0.13565 0.33144 -0.81213 0.10732 -0.02432 0.57300
1518196291.940753222 -0.96303 0.12488 0.33018 -0.81108 0.11307 -0.03409 0.57289
1518196291.990756273 -0.93322 0.11352 0.32997 -0.81113 0.12224 -0.04488 0.57019
1518196292.040756226 -0.89962 0.09894 0.33023 -0.81156 0.13209 -0.05207 0.56676
1518196292.090758324 -0.86063 0.08249 0.33168 -0.81210 0.14281 -0.05962 0.56262
1518196292.140760422 -0.82433 0.06761 0.33363 -0.81299 0.15068 -0.06482 0.55869
1518196292.190758228 -0.78939 0.05228 0.33730 -0.81356 0.15889 -0.07191 0.55471
1518196292.240757227 -0.75763 0.03744 0.34317 -0.81278 0.16544 -0.07837 0.55305
1518196292.290760279 -0.72909 0.02544 0.35203 -0.81096 0.16985 -0.08572 0.55331
1518196292.340765238 -0.70541 0.01460 0.36612 -0.80684 0.17319 -0.09228 0.55723
1518196292.390765429 -0.68815 0.01358 0.38114 -0.80191 0.17303 -0.10173 0.56272
1518196292.440765381 -0.67657 0.01278 0.39976 -0.79523 0.17033 -0.11125 0.57116
1518196292.490764380 -0.67180 0.01224 0.42153 -0.78814 0.16395 -0.11878 0.58124
1518196292.540769339 -0.67185 0.01268 0.44491 -0.78033 0.15856 -0.12535 0.59180
1518196292.590769291 -0.67471 0.01491 0.46804 -0.77331 0.15371 -0.12837 0.60157
1518196292.640770435 -0.68077 0.02059 0.48920 -0.76750 0.15055 -0.13052 0.60929
1518196292.690770388 -0.68903 0.02456 0.50622 -0.76241 0.14803 -0.12898 0.61659
1518196292.740771294 -0.70259 0.02943 0.51766 -0.75743 0.14431 -0.12953 0.62346
1518196292.790771246 -0.71731 0.03723 0.52127 -0.75349 0.14105 -0.12940 0.62897
1518196292.840776205 -0.73620 0.04718 0.51774 -0.75118 0.13666 -0.12881 0.63282
1518196292.890775204 -0.75419 0.05464 0.50838 -0.75002 0.13331 -0.12420 0.63583
1518196292.940772295 -0.77611 0.06155 0.49107 -0.74939 0.13181 -0.12150 0.63740
1518196292.990777254 -0.79689 0.06940 0.46987 -0.75043 0.13176 -0.11623 0.63717
1518196293.040779352 -0.81985 0.08017 0.44389 -0.75307 0.13212 -0.11101 0.63491
1518196293.090780258 -0.84015 0.08820 0.41590 -0.75643 0.13385 -0.10273 0.63194
1518196293.140782356 -0.86030 0.09317 0.38682 -0.76031 0.13441 -0.09141 0.62890
1518196293.190774202 -0.88182 0.09854 0.35598 -0.76393 0.13304 -0.08050 0.62628
1518196293.240784407 -0.89946 0.10227 0.32658 -0.76747 0.13211 -0.06716 0.62372
1518196293.290785313 -0.91867 0.10728 0.29759 -0.77089 0.13305 -0.05709 0.62029
1518196293.340787411 -0.93783 0.10999 0.26943 -0.77430 0.13392 -0.04645 0.61675
1518196293.390789270 -0.95810 0.11492 0.24345 -0.77881 0.13516 -0.03918 0.61126
1518196293.440786362 -0.97213 0.11826 0.22162 -0.78326 0.13592 -0.02942 0.60594
1518196293.490789413 -0.98521 0.11864 0.20563 -0.78661 0.13557 -0.02117 0.60200
1518196293.540791273 -0.99357 0.11535 0.19678 -0.78760 0.13524 -0.01491 0.60098
1518196293.590793371 -0.99447 0.11136 0.19562 -0.78881 0.13658 -0.00831 0.59922
1518196293.640783310 -0.99188 0.10449 0.19884 -0.78953 0.13731 -0.00598 0.59813
1518196293.690792322 -0.98367 0.09808 0.20832 -0.79028 0.13755 -0.00703 0.59706
1518196293.740796328 -0.97455 0.08861 0.22127 -0.78935 0.13499 -0.01428 0.59874
1518196293.790795326 -0.96227 0.07839 0.23814 -0.78791 0.13224 -0.02474 0.60092
1518196293.840799332 -0.94714 0.06566 0.25840 -0.78556 0.12774 -0.03679 0.60434
1518196293.890798330 -0.92705 0.05541 0.28305 -0.78328 0.12353 -0.05022 0.60719
1518196293.940798283 -0.90487 0.04430 0.31024 -0.78093 0.11730 -0.06202 0.61036
1518196293.990802288 -0.88172 0.03598 0.33762 -0.78008 0.11071 -0.07511 0.61121
1518196294.040802240 -0.85909 0.02820 0.36295 -0.78079 0.10500 -0.08775 0.60963
1518196294.090803385 -0.83664 0.03126 0.38693 -0.78404 0.09955 -0.10236 0.60407
1518196294.140797377 -0.81419 0.03154 0.40761 -0.78737 0.09469 -0.11475 0.59826
1518196294.190807343 -0.79617 0.02712 0.42560 -0.78962 0.08919 -0.12604 0.59385
1518196294.240806341 -0.78043 0.01879 0.43921 -0.79024 0.08232 -0.13393 0.59229
1518196294.290809393 -0.76910 0.00607 0.44879 -0.78929 0.07499 -0.14047 0.59302
1518196294.340807199 -0.76327 -0.00754 0.45357 -0.78767 0.07072 -0.15007 0.59334
1518196294.390810251 -0.75523 -0.01230 0.45016 -0.78775 0.06806 -0.15954 0.59108
1518196294.440810204 -0.74735 -0.01703 0.44164 -0.78875 0.06901 -0.16864 0.58708
1518196294.490814209 -0.73691 -0.02247 0.42678 -0.79118 0.07329 -0.17461 0.58153
1518196294.540807247 -0.72339 -0.02516 0.40597 -0.79502 0.08125 -0.17663 0.57458
1518196294.590814352 -0.70656 -0.02849 0.38022 -0.80047 0.09031 -0.17334 0.56661
1518196294.640817404 -0.68911 -0.03441 0.35022 -0.80674 0.10071 -0.16601 0.55809
1518196294.690814257 -0.67452 -0.04178 0.31576 -0.81317 0.11140 -0.15803 0.54898
1518196294.740817308 -0.66248 -0.04926 0.28082 -0.81973 0.12362 -0.15170 0.53829
1518196294.790818214 -0.65461 -0.05562 0.24459 -0.82559 0.13567 -0.14764 0.52744
1518196294.840820312 -0.64747 -0.06263 0.21124 -0.83138 0.14568 -0.14400 0.51658
1518196294.890823364 -0.64413 -0.07022 0.18142 -0.83567 0.15188 -0.14163 0.50846
1518196294.940819263 -0.64087 -0.07806 0.15913 -0.83881 0.15701 -0.13836 0.50259
1518196294.990823269 -0.63854 -0.08395 0.14262 0.84128 -0.16070 0.13321 -0.49867
1518196295.040824413 -0.63695 -0.08590 0.13231 0.84291 -0.16619 0.13211 -0.49440
1518196295.090825319 -0.63547 -0.08608 0.13157 0.84369 -0.17100 0.12797 -0.49252
1518196295.140819311 -0.63547 -0.08608 0.13157 0.84324 -0.17260 0.12746 -0.49286
1518196295.190822363 -0.63547 -0.08608 0.13157 0.84206 -0.17178 0.12682 -0.49533
1518196295.240831375 -0.63746 -0.08782 0.10335 0.83952 -0.17019 0.13061 -0.49919
1518196295.290831327 -0.64545 -0.07932 0.12915 -0.83643 0.16815 -0.13413 0.50410
1518196295.340833426 -0.65738 -0.06986 0.15756 -0.83245 0.16221 -0.14093 0.51074
1518196295.390832424 -0.66910 -0.05814 0.18844 -0.82774 0.15636 -0.15078 0.51736
1518196295.440834284 -0.68442 -0.04846 0.21866 -0.82149 0.14907 -0.16022 0.52655
1518196295.490835428 -0.70111 -0.04146 0.24711 -0.81339 0.14213 -0.16949 0.53802
1518196295.540834427 -0.71751 -0.03254 0.27223 -0.80450 0.13811 -0.17800 0.54956
1518196295.590836287 -0.73592 -0.02079 0.29347 -0.79558 0.13625 -0.18662 0.56006
1518196295.640840292 -0.75349 -0.00594 0.31164 -0.78812 0.13654 -0.19227 0.56855
1518196295.690839291 -0.77101 0.01122 0.32551 -0.78248 0.13610 -0.19361 0.57595
1518196295.740839243 -0.79171 0.02470 0.33468 -0.77854 0.13441 -0.18859 0.58331
1518196295.790837288 -0.81290 0.04435 0.34041 -0.77746 0.13061 -0.17907 0.58858
1518196295.840842247 -0.83590 0.06198 0.34197 -0.77742 0.12600 -0.16533 0.59364
1518196295.890844345 -0.85892 0.08013 0.33933 -0.77804 0.12060 -0.14837 0.59842
1518196295.940842390 -0.88648 0.09578 0.33371 -0.77835 0.11427 -0.13170 0.60313
1518196295.990839243 -0.91298 0.10801 0.32777 -0.77812 0.10896 -0.11408 0.60798
1518196296.040848255 -0.93887 0.11644 0.32158 -0.77784 0.10509 -0.09729 0.61192
1518196296.090850353 -0.96380 0.12425 0.31441 -0.77763 0.10247 -0.08106 0.61500
1518196296.140844345 -0.98562 0.12950 0.30525 -0.77731 0.10157 -0.06603 0.61734
1518196296.190847397 -1.00471 0.13119 0.29591 -0.77647 0.10244 -0.05228 0.61956
1518196296.240854263 -1.01981 0.13179 0.28417 -0.77598 0.10450 -0.03934 0.62080
1518196296.290849209 -1.03083 0.12965 0.27094 -0.77584 0.10760 -0.02881 0.62102
1518196296.340855360 -1.03517 0.12644 0.25720 -0.77730 0.11425 -0.02383 0.61821
1518196296.390857220 -1.03341 0.12325 0.24435 -0.78033 0.12282 -0.02363 0.61274
1518196296.440856218 -1.02385 0.11478 0.23146 -0.78426 0.13323 -0.02365 0.60549
1518196296.490859270 -1.00818 0.10556 0.21792 -0.78912 0.14483 -0.02814 0.59626
1518196296.540861368 -0.98788 0.09274 0.20457 -0.79415 0.15802 -0.03517 0.58577
1518196296.590860367 -0.96412 0.07762 0.19035 -0.79881 0.17073 -0.04586 0.57503
1518196296.640863419 -0.93596 0.05858 0.17628 -0.80276 0.18422 -0.05787 0.56417
1518196296.690861225 -0.90462 0.03726 0.16484 -0.80615 0.19610 -0.07016 0.55385
1518196296.740865231 -0.87035 0.01497 0.15590 -0.80889 0.20609 -0.08297 0.54438
1518196296.790864229 -0.83329 -0.00578 0.15112 -0.81077 0.21549 -0.09427 0.53604
1518196296.840868235 -0.79692 -0.02411 0.14837 -0.81124 0.22371 -0.10715 0.52949
1518196296.890869379 -0.76164 -0.04001 0.15046 -0.81081 0.23003 -0.11871 0.52496
1518196296.940870285 -0.72897 -0.05105 0.15634 -0.80886 0.23313 -0.12900 0.52417
1518196296.990868330 -0.69998 -0.05758 0.16646 -0.80612 0.23469 -0.14051 0.52473
1518196297.040870428 -0.67428 -0.06139 0.17967 -0.80217 0.23302 -0.15018 0.52884
1518196297.090873241 -0.65297 -0.05899 0.19518 -0.79806 0.23102 -0.16018 0.53298
1518196297.140873432 -0.63468 -0.05441 0.21225 -0.79321 0.22626 -0.16776 0.53988
1518196297.190876245 -0.62253 -0.04486 0.23043 -0.78843 0.22045 -0.17467 0.54705
1518196297.240877390 -0.61390 -0.03444 0.24821 -0.78325 0.21246 -0.17877 0.55626
1518196297.290878296 -0.61100 -0.01691 0.26597 -0.77926 0.20408 -0.18141 0.56409
1518196297.340879202 -0.61253 0.00224 0.28256 -0.77609 0.19391 -0.18150 0.57196
1518196297.390878201 -0.61747 0.02046 0.29789 -0.77341 0.18329 -0.17715 0.58039
1518196297.440873384 -0.62746 0.03706 0.31137 -0.77222 0.16913 -0.16629 0.58942
1518196297.490882397 -0.64219 0.05657 0.32173 -0.77209 0.15566 -0.15498 0.59635
1518196297.540882349 -0.65995 0.07616 0.32803 -0.77262 0.14593 -0.14770 0.59996
1518196297.590885401 -0.67949 0.09394 0.33259 -0.77446 0.13554 -0.13717 0.60252
1518196297.640882254 -0.70125 0.10608 0.33434 -0.77708 0.12463 -0.12314 0.60452
1518196297.690884352 -0.72427 0.10963 0.33418 -0.77950 0.11117 -0.10291 0.60781
1518196297.740886211 -0.74798 0.11188 0.33215 -0.78213 0.09920 -0.08341 0.60949
1518196297.790885210 -0.77357 0.11046 0.32876 -0.78401 0.08886 -0.06691 0.61070
1518196297.840887308 -0.79975 0.10434 0.32354 -0.78597 0.08094 -0.05246 0.61069
1518196297.890890360 -0.82335 0.09764 0.31706 -0.78944 0.07555 -0.03944 0.60789
1518196297.940892220 -0.84209 0.08977 0.30773 -0.79362 0.07236 -0.02762 0.60347
1518196297.990890265 -0.85855 0.08087 0.29526 -0.79821 0.07508 -0.02307 0.59724
1518196298.040884256 -0.87312 0.07032 0.27956 -0.80242 0.08340 -0.02207 0.59049
1518196298.090896368 -0.88221 0.05750 0.26314 -0.80671 0.09521 -0.02251 0.58279
1518196298.140897274 -0.88398 0.04533 0.24477 -0.81122 0.11363 -0.02800 0.57291
1518196298.190898418 -0.87859 0.03283 0.22605 -0.81477 0.13393 -0.03511 0.56301
1518196298.240900278 -0.86813 0.01805 0.20603 -0.81804 0.15643 -0.04361 0.55175
1518196298.290898323 -0.85070 0.00261 0.18682 -0.82112 0.17949 -0.05108 0.53938
1518196298.340902328 -0.82973 -0.01383 0.17026 -0.82325 0.20074 -0.05984 0.52762
1518196298.390901327 -0.80514 -0.02932 0.15681 -0.82511 0.21780 -0.06555 0.51716
1518196298.440902233 -0.78130 -0.04204 0.14507 -0.82678 0.23146 -0.07375 0.50736
1518196298.490905285 -0.75833 -0.05387 0.13643 0.82763 -0.24130 0.08318 -0.49989
1518196298.540903330 -0.73715 -0.06232 0.13164 0.82825 -0.24780 0.09474 -0.49359
1518196298.590894222 -0.71597 -0.06808 0.13141 0.82788 -0.25056 0.10590 -0.49054
1518196298.640907288 -0.69530 -0.07084 0.13600 0.82652 -0.25151 0.11897 -0.48934
1518196298.690910339 -0.67383 -0.06733 0.14422 0.82387 -0.25166 0.13108 -0.49063
1518196298.740909338 -0.65283 -0.06190 0.15674 0.82070 -0.24886 0.13906 -0.49515
1518196298.790911436 -0.63453 -0.05279 0.17292 -0.81686 0.24551 -0.14550 0.50129
1518196298.840912342 -0.61703 -0.04142 0.19250 -0.81317 0.24132 -0.14748 0.50870
1518196298.890914202 -0.60596 -0.02809 0.21272 -0.80865 0.23486 -0.14822 0.51860
1518196298.940916300 -0.59987 -0.01155 0.23306 -0.80361 0.22899 -0.15132 0.52809
1518196298.990909338 -0.59872 0.00421 0.25265 -0.79752 0.22167 -0.15500 0.53926
1518196299.040912390 -0.60137 0.02006 0.27185 -0.79093 0.21421 -0.15891 0.55073
1518196299.090917349 -0.60528 0.03389 0.29029 -0.78460 0.20546 -0.15973 0.56274
1518196299.140920401 -0.61190 0.04664 0.30700 -0.77823 0.19624 -0.15797 0.57524
1518196299.190918207 -0.61806 0.05888 0.32293 -0.77303 0.18723 -0.15325 0.58642
1518196299.240922213 -0.62634 0.07130 0.33534 -0.76780 0.17947 -0.14823 0.59691
1518196299.290917397 -0.63532 0.08258 0.34716 -0.76324 0.17198 -0.14074 0.60669
1518196299.340925217 -0.64579 0.09418 0.35580 -0.75921 0.16475 -0.13368 0.61529
1518196299.390926361 -0.65908 0.10574 0.36010 -0.75658 0.15707 -0.12767 0.62179
1518196299.440925360 -0.67248 0.11680 0.36068 -0.75635 0.14742 -0.11905 0.62612
1518196299.490928411 -0.68554 0.12821 0.35788 -0.75871 0.13899 -0.10984 0.62688
1518196299.540929317 -0.69654 0.14038 0.35144 -0.76405 0.13092 -0.09797 0.62409
1518196299.590916395 -0.70681 0.15079 0.34129 -0.76970 0.12480 -0.08758 0.61994
1518196299.640932322 -0.71563 0.15747 0.32815 -0.77434 0.12107 -0.07895 0.61604
1518196299.690931320 -0.72411 0.16264 0.31565 -0.77935 0.11965 -0.07252 0.61077
1518196299.740926266 -0.73310 0.16311 0.30319 -0.78402 0.11993 -0.06757 0.60528
1518196299.790929317 -0.74131 0.16146 0.29159 -0.78858 0.12253 -0.06630 0.59895
1518196299.840932369 -0.74857 0.15598 0.28206 -0.79287 0.12544 -0.06543 0.59274
1518196299.890936375 -0.75617 0.14647 0.27408 -0.79604 0.12954 -0.06581 0.58754
1518196299.940933228 -0.76276 0.13401 0.26909 -0.79817 0.13445 -0.06945 0.58312
1518196299.990940332 -0.76788 0.11925 0.26643 -0.79910 0.14061 -0.07536 0.57965
1518196300.040939331 -0.77188 0.10278 0.26654 -0.79876 0.14731 -0.08421 0.57723
1518196300.090940237 -0.77245 0.08548 0.26999 -0.79782 0.15445 -0.09357 0.57522
1518196300.140935421 -0.77184 0.06830 0.27546 -0.79607 0.16144 -0.10397 0.57394
1518196300.190940380 -0.77101 0.05214 0.28219 -0.79347 0.16879 -0.11595 0.57313
1518196300.240941286 -0.76880 0.03670 0.28989 -0.79031 0.17397 -0.12479 0.57409
1518196300.290926218 -0.76665 0.02391 0.29742 -0.78697 0.17671 -0.13290 0.57601
1518196300.340945244 -0.76399 0.01355 0.30548 -0.78357 0.17717 -0.13882 0.57910
1518196300.390944242 -0.76114 0.00829 0.31323 -0.78108 0.17560 -0.14256 0.58203
1518196300.440948248 -0.75827 0.00787 0.31951 -0.77900 0.17258 -0.14482 0.58516
1518196300.490950346 -0.75467 0.01063 0.32505 -0.77777 0.16766 -0.14480 0.58822
1518196300.540951252 -0.75161 0.01630 0.33113 -0.77759 0.16168 -0.14363 0.59041
1518196300.590944290 -0.74878 0.02485 0.33684 -0.77781 0.15508 -0.14054 0.59263
1518196300.640955210 -0.74621 0.03335 0.34164 -0.77879 0.14735 -0.13524 0.59455
1518196300.690947294 -0.74351 0.04388 0.34498 -0.78029 0.14024 -0.12969 0.59553
1518196300.740956306 -0.74158 0.05520 0.34727 -0.78195 0.13424 -0.12466 0.59581
1518196300.790957212 -0.74010 0.06743 0.34878 -0.78381 0.12919 -0.11953 0.59554
1518196300.840959311 -0.73871 0.07910 0.34837 -0.78506 0.12495 -0.11549 0.59559
1518196300.890956402 -0.73716 0.08942 0.34835 -0.78652 0.12165 -0.11158 0.59509
1518196300.940894365 -0.73400 0.09865 0.34883 -0.78757 0.12059 -0.10996 0.59423
1518196300.990962267 -0.72924 0.10610 0.34893 -0.78849 0.12153 -0.10875 0.59303
1518196301.040953398 -0.72397 0.11141 0.34897 -0.78952 0.12315 -0.10567 0.59188
1518196301.090962410 -0.71797 0.11456 0.34805 -0.79009 0.12634 -0.10463 0.59063
1518196301.140961409 -0.71428 0.11631 0.34668 -0.79055 0.12945 -0.10433 0.58940
1518196301.190967321 -0.71145 0.11842 0.34484 -0.79096 0.13283 -0.10556 0.58787
1518196301.240964413 -0.70707 0.11983 0.34306 -0.79112 0.13668 -0.10720 0.58648
1518196301.290966272 -0.70281 0.12096 0.34226 -0.79173 0.13965 -0.10823 0.58477
1518196301.340966225 -0.69941 0.12137 0.34113 -0.79209 0.14159 -0.10967 0.58353
1518196301.390972376 -0.69625 0.12124 0.34077 -0.79249 0.14289 -0.11044 0.58253
1518196301.440958261 -0.69338 0.12072 0.34109 -0.79267 0.14362 -0.11134 0.58193
1518196301.490956306 -0.69056 0.11926 0.34121 -0.79245 0.14430 -0.11304 0.58174
1518196301.540969372 -0.68968 0.11533 0.34197 -0.79165 0.14505 -0.11407 0.58245
1518196301.590973377 -0.69078 0.10930 0.34201 -0.79014 0.14569 -0.11592 0.58396
1518196301.640977383 -0.69229 0.10348 0.34258 -0.78880 0.14654 -0.11792 0.58517
1518196301.690975428 -0.69505 0.09670 0.34474 -0.78770 0.14794 -0.11957 0.58596
1518196301.740978241 -0.69648 0.09123 0.34534 -0.78674 0.14837 -0.12130 0.58678
1518196301.790970325 -0.69604 0.08977 0.34675 -0.78674 0.14822 -0.12246 0.58658
1518196301.840913296 -0.69604 0.08977 0.34675 -0.78693 0.14827 -0.12332 0.58612
1518196301.890936375 -0.69604 0.08977 0.34675 -0.78745 0.14797 -0.12382 0.58540
1518196301.940981388 -0.69604 0.08977 0.34675 -0.78828 0.14763 -0.12348 0.58445
1518196301.990976334 -0.69604 0.08977 0.34675 -0.78872 0.14799 -0.12389 0.58367
1518196302.040975332 -0.69604 0.08977 0.34675 -0.78904 0.14902 -0.12449 0.58285
1518196302.090969324 -0.69604 0.08977 0.34675 -0.78936 0.15036 -0.12404 0.58217
1518196302.135989428 -0.69604 0.08977 0.34675 -0.78932 0.15169 -0.12387 0.58192
