58178.137697 0.448 0.255 -0.215 0.5028467579832145 0.49759783463848456 0.5079140559796509 0.49149246656196244
58178.339417 1.634913508105383 0.10272734905871558 -0.2228499860074267 0.519910926244254 0.47823118862500297 0.49060752519958345 0.5101880194748784
58178.541137 2.9113837013962325 -0.1482186529336833 -0.21568958231500568 0.5332047677394341 0.46195404829920556 0.4760915412315763 0.5250028355043938
58178.742857 4.256277975159877 -0.49181486357559356 -0.23480023895423233 0.5429177391135892 0.44890889940024853 0.46533514125078596 0.5358958246825194
58178.944577 5.723463760366447 -0.936653692534984 -0.3818994157036686 0.5376014785131947 0.44389273639682914 0.4560158224192984 0.5531667547655166
58179.146297 7.1605617566847615 -1.2426788021788706 -0.3366104008351656 0.5405952574661562 0.43886284639266976 0.4525005443951176 0.5571350168346504
58179.348016 8.682895624929397 -1.6013761420461534 -0.2929252327149336 0.5418029565736886 0.43621404834914845 0.45110209790857353 0.5591723862400042
58179.549736 10.246979281846947 -1.9685506303140816 -0.25116559506705904 0.5422481629488313 0.4346808509818888 0.45067251708103695 0.5602800816699816
58179.751456 11.89974387679873 -2.341149632478303 -0.20532846917497624 0.5423711891245487 0.4340565116323771 0.4503246612726598 0.5609243597552341
58179.953176 13.565982479666573 -2.7067694670975424 0.05286587887951941 0.5503047294316079 0.43169058975382607 0.4527026638278226 0.5530535576654328
58180.154896 15.345941959534526 -3.1189013775328194 -0.001984885712532164 0.5496202012593502 0.43036279689020235 0.45306573549849644 0.5544699601760948
58180.356616 17.215128562642683 -3.608423433595897 -0.04116665810631015 0.5491795159081035 0.42969567600640324 0.45396393423852655 0.5546893110012306
58180.558336 19.06823644063536 -3.971747320969239 0.11563979780115494 0.5588526648980923 0.4273714792114628 0.45595332602904987 0.5451090553054078
58180.760055 21.028542758190667 -4.46066073432206 0.10634332557722753 0.5571972797622392 0.42762145868632456 0.45550259736801046 0.5469812275458246
58180.961775 23.04813030220206 -4.967740623538183 0.07280574457292949 0.5557528824274177 0.42674026400995074 0.4559859156922398 0.5487333828341812
58181.163495 25.096263171936343 -5.4830024688984516 0.09600177402344395 0.5549171513489516 0.42660535703661745 0.45603533366218074 0.5496422463185016
58181.365215 27.163872937254823 -5.986721258562991 0.12652836843183068 0.5544109521044097 0.42616913278349505 0.4561355488887618 0.5504077829111738
58181.566935 29.29311890414403 -6.515538741836204 0.17607730930675636 0.5540560345689618 0.4259422885246589 0.4558755462440308 0.5511556619874283
58181.768655 31.460073824555206 -7.044472180022071 0.21213753832281068 0.554083308491884 0.4255338285861212 0.4554697563375028 0.5517788950670198
58181.970374 33.66919104246055 -7.6016367980530655 0.2632236471607754 0.5553703112873959 0.42591839832829637 0.4541946886514182 0.5512390770861957
58182.172094 35.90126900446315 -8.15327176329629 0.289636916932874 0.5554238586745568 0.4260116513825199 0.45358721243745037 0.5516131350997977
58182.373814 38.152685777289705 -8.71158170431145 0.32610508622027123 0.5554842324965271 0.42644908919103197 0.45280877123925006 0.5518538379541124
58182.575534 40.4154658719373 -9.284167005667419 0.36431987871274285 0.5556198464453803 0.4259734794492295 0.4524974834681475 0.5523397582076834
58182.777254 42.6838400373252 -9.87670898295072 0.39593882767741384 0.5558264011195645 0.4252154914226893 0.45248168987635984 0.5527287924464109
58182.978974 44.95774132927916 -10.455046671375435 0.4492125548036781 0.5562966279168878 0.4242509645379755 0.45192709945451925 0.5534501582216073
58183.180693 47.246539137653535 -11.042965884790185 0.48775940924200445 0.5565675592870496 0.4234610222081395 0.45114623080295113 0.5544189688782162
58183.382413 49.533632559156636 -11.647968602240699 0.5406963073321533 0.5569444589806254 0.42276289746566875 0.4504533431986924 0.555136188460392
58183.584133 51.82616218053491 -12.253000356120642 0.5941240868163622 0.5573297644386526 0.4216831166960969 0.44991854747263305 0.5560037620415332
58183.785853 54.13182935934663 -12.871965952521201 0.6458758781111347 0.5578327144262126 0.4209800541399486 0.44935870869818373 0.5564846877042622
58183.987574 56.433351741628364 -13.498112205949996 0.700970846384608 0.5580191914426808 0.4201931802279454 0.44888029812053987 0.5572779838023367
58184.189294 58.75755576712431 -14.133888103007957 0.7463213102959187 0.5580549500079482 0.4197076310997625 0.4484725088748946 0.5579360052476535
58184.391013 61.068589702646605 -14.762066484186906 0.8120188656680873 0.5587513167388338 0.41964023912342263 0.4476884430190898 0.557919433017169
58184.592733 63.399441111812145 -15.398222984265878 0.8637115868140264 0.5588204245936971 0.41906327772687507 0.4474206405098293 0.5584984089176102
58184.794453 65.72205091291265 -16.04746905190071 0.9234580115690579 0.5590683175072306 0.4181025970412589 0.44743303507378535 0.5589602077354432
58184.996173 68.0387889373566 -16.696544856412665 0.9876896758786635 0.5589148497309201 0.41704358745956105 0.4475366948938703 0.5598211711185933
58185.197893 70.3415059218548 -17.343086031477462 1.0507036565542436 0.5596668076067717 0.4167762908407526 0.44684254571266574 0.5598234786049023
58185.399613 72.67140666944574 -17.993308524335788 1.1203723368538263 0.5600638111355662 0.41614679977779545 0.44654331981702194 0.5601334055542457
58185.601332 75.00228506047553 -18.652570622646696 1.1888607751897418 0.5601610867354533 0.4159496087201614 0.44586404895866544 0.560723398619217
58185.803052 77.32887991503186 -19.310655112470517 1.2452284824324888 0.5595775577453035 0.4149309279204803 0.44621763465803116 0.5617785190295571
58186.004772 79.6334274068197 -19.97289488483852 1.326677761775344 0.5597310659957488 0.4151366123005745 0.4457228464268166 0.5618664174517298
58186.206492 81.9479603988081 -20.63633498620684 1.3962211419293369 0.5596426386952335 0.4152567502814829 0.44531313105836645 0.5621905047285065
58186.408212 84.26074325208074 -21.302265530056207 1.4727663565513214 0.5589845017337479 0.4151895301706248 0.44525450170694864 0.5629408579663289
58186.609932 86.56126694715402 -21.962183659320054 1.5555550624506687 0.5584987157813701 0.41525971950222207 0.44512229182929386 0.563475549732314
58186.811651 88.89551763341757 -22.62940030059288 1.6258744158276701 0.5585613922754579 0.41522396665180106 0.44517266158189145 0.5633999733380723
58187.013371 91.2080665284174 -23.291346184871905 1.694818774322209 0.5591774285428679 0.4149534683102849 0.4453761733630055 0.5628270486978902
58187.215091 93.5178370722225 -23.960650496999094 1.761496508825333 0.5589308425573415 0.41410119789918015 0.44615790072873207 0.5630804904753273
58187.416811 95.81927521305968 -24.62556112515582 1.8471626389175313 0.5586093610537605 0.41302470820476417 0.44713328330428964 0.5634163639059524
58187.618531 98.09563601460383 -25.283835416118905 1.9384074108133857 0.558569925159131 0.4130525719272829 0.44705420072835533 0.5634977845059473
58187.820251 100.38420729391464 -25.93375484921353 2.0125606930525954 0.5576448188142978 0.4134448309523783 0.44711467913630665 0.5640780899034866
58188.02197 102.66275391606312 -26.574570377547932 2.117717168984573 0.5565432123989691 0.4138744868860662 0.4470643868338953 0.5648902511658921
58188.22369 104.9343544961188 -27.226631879014292 2.213492156453289 0.5565952701007421 0.4145248871363169 0.4467740965962028 0.5645916487663917
58188.42541 107.18179022529296 -27.864801413572316 2.305117500091936 0.5567246491039464 0.4146803959963645 0.4469845110666056 0.5641831981926912
58188.62713 109.43126990610061 -28.511366877175096 2.387962188826629 0.556990918816845 0.4148863804135459 0.4469321361440424 0.5638103168483493
58188.82885 111.67685114519509 -29.14610839115597 2.4743711136956312 0.5561922051347835 0.4145520176002935 0.44740073860099394 0.5644727050532362
58189.03057 113.89991347753966 -29.770163832586366 2.561580220371018 0.5563551852845643 0.4149817466051069 0.447066268485776 0.564261295300109
58189.232289 116.09266725761955 -30.39544875942536 2.6447646875242152 0.5562679558301737 0.4149700744997543 0.4469116228974667 0.5644783431676902
58189.434009 118.27295677792243 -31.01395601673153 2.7284799161975735 0.5567700089618325 0.4150955620971823 0.44681834310601076 0.5639647149528635
58189.635729 120.44906207760202 -31.622388345925554 2.8095926648363703 0.5563569965850338 0.4148649063578182 0.44687769578476144 0.5644947535927165
58189.837449 122.59483147697482 -32.21926924894387 2.8950688181882227 0.555680925716259 0.4146073849006633 0.44687036136629377 0.5653550259025849
58190.039169 124.70191810067067 -32.80770682055956 2.9978984137466207 0.5556568039289441 0.41468249755576697 0.446623993875775 0.565518302588726
58190.240889 126.74941398231722 -33.38672666207225 3.0824181815968146 0.5548479559218146 0.4146475077637608 0.44630052085561855 0.5665924771815186
58190.442608 128.8171428416004 -33.98301369104833 3.183559315351525 0.5541683429675359 0.41420789946974285 0.4466180416464714 0.567328466186344
58190.644328 130.8477333690546 -34.56543665380122 3.2797302038801557 0.5541343374181366 0.4135452800897819 0.4471729768827002 0.5674079362817291
58190.846048 132.85141259194876 -35.134569005917434 3.376470428150521 0.5536534868154952 0.4133404495872905 0.44792187449093557 0.5674358850342012
58191.047768 134.8654629014672 -35.709518175673544 3.478546191198306 0.5528854462125773 0.41314052745932067 0.448591110953601 0.567801552578335
58191.249488 136.87559049317352 -36.27789089319358 3.5835170370060814 0.5525146554736102 0.4130427490681596 0.44900549808196816 0.5679060711255504
58191.451208 138.84950907034406 -36.83348311760604 3.68272538737828 0.5514004225354407 0.4127269532984158 0.4498265703548206 0.5685684590720492
58191.652928 140.84192594740574 -37.39240358901083 3.7910983313908027 0.5502033804173015 0.4124799710328998 0.45050912019290884 0.5693663550799992
58191.854647 142.7998183241296 -37.93850103580543 3.911187426620085 0.5496969488637964 0.41224306990353493 0.45090802409779224 0.5697112159072935
58192.056367 144.7994139725972 -38.49539017616482 4.030148549505714 0.5489616322772606 0.4117059802100572 0.4510343054499992 0.5707077776358045
58192.258087 146.79124985927956 -39.06062825931621 4.145944643716898 0.5488060230754191 0.4113859556432423 0.4511042378151543 0.571032845956209
58192.459807 148.78076005481182 -39.605937008628125 4.273097733595804 0.5479888515137854 0.4111115456575257 0.45113650093581514 0.5719889624521367
58192.661527 150.7769429725477 -40.16530541447099 4.395774371435822 0.5478053325121319 0.41103332864984815 0.45100498955097634 0.572324575577899
58192.863247 152.76444379484323 -40.72388173419254 4.524816845309453 0.5470177240507265 0.4107516968733173 0.45105035502104135 0.5732436046965081
58193.064966 154.76834826812998 -41.29057042980871 4.65922398975331 0.5468476755214756 0.41090356922465604 0.45119013045841005 0.5731870050447065
58193.266686 156.75773728043418 -41.85251069178654 4.8007241102461755 0.5458203613166485 0.4111621251763394 0.452086815254164 0.5732742375739441
58193.468406 158.76166891835308 -42.41058976577911 4.937771179311172 0.5452158561110663 0.4116684749470197 0.4529059858002899 0.5728393361197707
58193.670126 160.73969212616666 -42.96163480792638 5.077941899022508 0.5446897906109743 0.41206205204310575 0.4537302017056711 0.572404403660846
58193.871846 162.71569318460524 -43.50604633019464 5.224363326429175 0.544464519691439 0.41230970482198315 0.45438499325076015 0.5719207742469987
58194.073566 164.6592763112955 -44.03622620226511 5.35655947290305 0.5441075607477326 0.4125110798901596 0.4547314189932918 0.5718399320486057
58194.275285 166.58820059931318 -44.573101460014406 5.503731979712615 0.543922771579927 0.41197176897178783 0.455203768709578 0.5720286785465074
58194.477005 168.49851131706924 -45.09536337020485 5.638724380605807 0.5443811948300229 0.41169939435302905 0.4550165666500344 0.5719376255141817
58194.678725 170.34424505671026 -45.6127263969329 5.782885885398358 0.5447498902838822 0.41142175148088467 0.4550349873680472 0.5717716849539336
58194.880445 172.15214727255713 -46.106816968491856 5.912009380888113 0.544971619173428 0.4109941077894597 0.4549211884763727 0.5719584687134922
58195.082165 173.90515869394088 -46.59173477980153 6.044791907498162 0.5451984978936694 0.41056181689593474 0.45484072980460777 0.5721166864481471
58195.283885 175.6057549021155 -47.066032009886335 6.170560827465634 0.5448503634150622 0.4096629404438525 0.45487129966065803 0.5730675854193772
58195.485604 177.28365262482995 -47.528307990314005 6.295518951312763 0.5449661921525645 0.4092901920342248 0.45436515008539663 0.5736250504495046
58195.687324 178.90871417397173 -47.98386122894674 6.414239301985138 0.5450164758155611 0.4089698654346733 0.45386638049427025 0.5742003125329708
58195.889044 180.51466358769252 -48.42951498304831 6.541119868297007 0.5453278505125968 0.4087434259755144 0.45325284290700274 0.5745504395384534
58196.090764 182.0672371726132 -48.86455809421303 6.6643278317050045 0.5456308330993505 0.40840057702464583 0.45285943003257356 0.5748167527898065
58196.292484 183.56604001950433 -49.28907419596498 6.781478273695465 0.5453855290722245 0.4085905465745255 0.45315967846811744 0.574677906082366
58196.494204 185.00574086812293 -49.691132093657096 6.894423158506074 0.5449497051186105 0.40881195808964554 0.4531573557715009 0.5749356596387378
58196.695923 186.38317222338077 -50.078468349421094 6.997260179619379 0.5446271614915685 0.40904293135125924 0.45348927896215385 0.5748152826287692
58196.897643 187.70398319913667 -50.45609294322703 7.104873102587947 0.5450354793518055 0.4090224169112552 0.45366770011164775 0.5743018427510319
