58178.465792000 -0.13240 -1.40122 -0.18469 0.74954 0.02804 -0.08075 0.65642
58178.490368000 -0.14694 -1.59117 -0.26993 0.76394 -0.00051 -0.05410 0.64301
58178.514944000 -0.14701 -1.74015 -0.20865 0.74657 -0.02126 -0.03410 0.66410
58178.539520000 -0.16283 -1.90430 -0.20285 0.74060 -0.03295 -0.02582 0.67064
58178.564096000 -0.18127 -2.07999 -0.21889 0.73992 -0.03962 -0.02307 0.67113
58178.588672000 -0.20126 -2.25188 -0.22773 0.73821 -0.04463 -0.02193 0.67273
58178.613248000 -0.22464 -2.42819 -0.25435 0.73974 -0.05021 -0.01968 0.67072
58178.641920000 -0.25218 -2.63149 -0.26727 0.73791 -0.05724 -0.01654 0.67226
58178.666496000 -0.27897 -2.79975 -0.25700 0.73377 -0.06661 -0.01049 0.67604
58178.691072000 -0.30226 -2.97787 -0.29657 0.73761 -0.06352 -0.01729 0.67202
58178.715648000 -0.32842 -3.13565 -0.27549 0.73222 -0.06784 -0.01653 0.67748
58178.740224000 -0.35120 -3.30564 -0.30162 0.73397 -0.06610 -0.02165 0.67562
58178.764800000 -0.37465 -3.47847 -0.34027 0.73682 -0.06363 -0.02743 0.67252
58178.789376000 -0.40119 -3.66180 -0.36883 0.73822 -0.06356 -0.03043 0.67087
58178.813952000 -0.43118 -3.84553 -0.38884 0.73803 -0.06477 -0.03203 0.67089
58178.838528000 -0.46064 -4.03170 -0.40904 0.73800 -0.06533 -0.03427 0.67075
58178.867200000 -0.49269 -4.24011 -0.42890 0.73780 -0.06527 -0.03721 0.67083
58178.891776000 -0.52611 -4.44638 -0.45601 0.73847 -0.06635 -0.03833 0.66992
58178.916352000 -0.55016 -4.61703 -0.47203 0.73844 -0.06378 -0.04337 0.66989
58178.940928000 -0.57860 -4.78132 -0.48780 0.73846 -0.06304 -0.04634 0.66974
58178.965504000 -0.60930 -4.95137 -0.51143 0.73925 -0.06207 -0.04945 0.66873
58178.990080000 -0.64742 -5.13343 -0.52459 0.73885 -0.06137 -0.05208 0.66905
58179.014656000 -0.68445 -5.31087 -0.53805 0.73881 -0.05833 -0.05702 0.66896
58179.039232000 -0.72136 -5.49694 -0.55470 0.73871 -0.05620 -0.06077 0.66893
58179.063808000 -0.75886 -5.68989 -0.57030 0.73856 -0.05365 -0.06494 0.66891
58179.088384000 -0.79378 -5.87563 -0.59208 0.73924 -0.05072 -0.06965 0.66790
58179.117056000 -0.83768 -6.10183 -0.61502 0.73922 -0.04906 -0.07275 0.66772
58179.141632000 -0.87725 -6.29301 -0.62348 0.73819 -0.04841 -0.07450 0.66872
58179.166208000 -0.91232 -6.47616 -0.63574 0.73774 -0.04717 -0.07673 0.66905
58179.190784000 -0.94787 -6.67404 -0.65516 0.73790 -0.04622 -0.07884 0.66869
58179.215360000 -0.98330 -6.87288 -0.67346 0.73781 -0.04587 -0.08011 0.66866
58179.239936000 -1.01906 -7.06899 -0.69128 0.73790 -0.04604 -0.08089 0.66846
58179.264512000 -1.05376 -7.25806 -0.70772 0.73789 -0.04594 -0.08176 0.66838
58179.289088000 -1.08929 -7.45202 -0.72630 0.73815 -0.04621 -0.08211 0.66803
58179.313664000 -1.12344 -7.64303 -0.74395 0.73828 -0.04590 -0.08319 0.66777
58179.338240000 -1.15815 -7.83634 -0.76270 0.73843 -0.04558 -0.08397 0.66753
58179.366912000 -1.19924 -8.06167 -0.78290 0.73846 -0.04497 -0.08512 0.66739
58179.391488000 -1.23449 -8.25913 -0.80155 0.73853 -0.04420 -0.08624 0.66722
58179.416064000 -1.27085 -8.46245 -0.82139 0.73830 -0.04457 -0.08621 0.66745
58179.440640000 -1.30645 -8.66615 -0.84067 0.73821 -0.04514 -0.08597 0.66755
58179.465216000 -1.34112 -8.86098 -0.85781 0.73810 -0.04475 -0.08668 0.66760
58179.489792000 -1.37748 -9.06067 -0.87680 0.73814 -0.04435 -0.08785 0.66743
58179.514368000 -1.41467 -9.25904 -0.89313 0.73777 -0.04350 -0.08898 0.66775
58179.538944000 -1.45234 -9.46187 -0.91215 0.73748 -0.04292 -0.08986 0.66799
58179.563520000 -1.48943 -9.66493 -0.93154 0.73736 -0.04239 -0.09063 0.66804
58179.592192000 -1.53356 -9.90557 -0.96486 0.73715 -0.04477 -0.08799 0.66848
58179.616768000 -1.56819 -10.10677 -0.97501 0.73704 -0.04326 -0.09003 0.66842
58179.641344000 -1.60559 -10.31335 -0.99502 0.73702 -0.04244 -0.09119 0.66834
58179.665920000 -1.64369 -10.52079 -1.01357 0.73674 -0.04166 -0.09222 0.66856
58179.690496000 -1.68212 -10.72988 -1.03276 0.73659 -0.04145 -0.09266 0.66868
58179.715072000 -1.72050 -10.94093 -1.05161 0.73649 -0.04111 -0.09330 0.66872
58179.739648000 -1.75827 -11.15195 -1.07122 0.73645 -0.04047 -0.09422 0.66868
58179.764224000 -1.79615 -11.36220 -1.08878 0.73624 -0.03873 -0.09591 0.66876
58179.788800000 -1.83564 -11.57278 -1.11006 0.73596 -0.03809 -0.09651 0.66902
58179.813376000 -1.87344 -11.78748 -1.13263 0.73646 -0.03701 -0.09765 0.66837
58179.842048000 -1.91819 -12.03358 -1.15586 0.73689 -0.03493 -0.09985 0.66768
58179.866624000 -1.95889 -12.24371 -1.17491 0.73715 -0.03296 -0.10202 0.66717
58179.891200000 -2.00081 -12.45633 -1.19361 0.73728 -0.03132 -0.10410 0.66678
58179.915776000 -2.04280 -12.66894 -1.21471 0.73765 -0.03004 -0.10583 0.66616
58179.940352000 -2.08417 -12.88412 -1.23634 0.73789 -0.03010 -0.10570 0.66591
58179.964928000 -2.12485 -13.09919 -1.25938 0.73832 -0.03047 -0.10555 0.66544
58179.989504000 -2.16634 -13.31753 -1.28088 0.73860 -0.03072 -0.10564 0.66511
58180.014080000 -2.20750 -13.53698 -1.30193 0.73851 -0.03085 -0.10576 0.66519
58180.038656000 -2.24818 -13.75764 -1.32445 0.73845 -0.03133 -0.10551 0.66527
58180.063232000 -2.28964 -13.97863 -1.34381 0.73810 -0.03132 -0.10562 0.66564
58180.091904000 -2.33678 -14.23649 -1.36471 0.73742 -0.02940 -0.10772 0.66614
58180.116480000 -2.37784 -14.45911 -1.37841 0.73596 -0.02557 -0.11190 0.66723
58180.141056000 -2.42177 -14.68394 -1.38500 0.73377 -0.02045 -0.11702 0.66893
58180.165632000 -2.46648 -14.91178 -1.39050 0.73217 -0.01520 -0.12268 0.66981
58180.190208000 -2.51166 -15.13925 -1.39448 0.73019 -0.01059 -0.12721 0.67121
58180.214784000 -2.55655 -15.36804 -1.40528 0.72967 -0.00755 -0.13043 0.67120
58180.239360000 -2.60101 -15.59714 -1.42154 0.72996 -0.00779 -0.13019 0.67093
58180.263936000 -2.64523 -15.82855 -1.43848 0.73030 -0.01006 -0.12789 0.67097
58180.288512000 -2.68959 -16.06053 -1.45653 0.73072 -0.01461 -0.12324 0.67130
58180.317184000 -2.74063 -16.33287 -1.47676 0.73092 -0.02051 -0.11710 0.67203
58180.341760000 -2.78289 -16.56685 -1.49299 0.73076 -0.02574 -0.11171 0.67294
58180.366336000 -2.82468 -16.80266 -1.50626 0.73024 -0.02919 -0.10822 0.67393
58180.390912000 -2.86751 -17.03788 -1.51940 0.73016 -0.03012 -0.10758 0.67408
58180.415488000 -2.91162 -17.27569 -1.53548 0.73031 -0.03151 -0.10629 0.67406
58180.440064000 -2.95555 -17.51035 -1.55241 0.73068 -0.03206 -0.10602 0.67368
58180.464640000 -3.00071 -17.74790 -1.56914 0.73086 -0.03195 -0.10626 0.67344
58180.489216000 -3.04550 -17.98385 -1.58727 0.73117 -0.03214 -0.10634 0.67309
58180.513792000 -3.09095 -18.22425 -1.60722 0.73145 -0.03308 -0.10552 0.67287
58180.538368000 -3.13353 -18.46411 -1.62332 0.73126 -0.03455 -0.10400 0.67324
58180.567040000 -3.18454 -18.74158 -1.64444 0.73142 -0.03468 -0.10389 0.67307
58180.591616000 -3.22820 -18.98621 -1.66324 0.73121 -0.03557 -0.10287 0.67341
58180.616192000 -3.27099 -19.23203 -1.67752 0.73066 -0.03610 -0.10223 0.67408
58180.640768000 -3.31432 -19.48227 -1.69197 0.72995 -0.03744 -0.10063 0.67502
58180.665344000 -3.36031 -19.72721 -1.71715 0.73050 -0.03943 -0.09875 0.67458
58180.689920000 -3.40749 -19.97225 -1.74652 0.73175 -0.04119 -0.09690 0.67339
58180.714496000 -3.45478 -20.21710 -1.77901 0.73349 -0.04393 -0.09423 0.67171
58180.739072000 -3.50205 -20.46214 -1.81035 0.73515 -0.04676 -0.09138 0.67009
58180.763648000 -3.54906 -20.70960 -1.84476 0.73710 -0.05037 -0.08760 0.66819
58180.792320000 -3.60379 -20.99660 -1.88478 0.73901 -0.05331 -0.08464 0.66623
58180.816896000 -3.65091 -21.24378 -1.92064 0.74051 -0.05543 -0.08251 0.66465
58180.841472000 -3.69810 -21.49216 -1.95634 0.74177 -0.05727 -0.08057 0.66333
58180.866048000 -3.74506 -21.74134 -1.99004 0.74248 -0.05894 -0.07892 0.66258
58180.890624000 -3.79237 -21.99091 -2.02261 0.74303 -0.05996 -0.07790 0.66200
58180.915200000 -3.84022 -22.24159 -2.05431 0.74332 -0.06006 -0.07812 0.66163
58180.939776000 -3.88879 -22.49236 -2.08591 0.74357 -0.05931 -0.07908 0.66131
58180.964352000 -3.93731 -22.74402 -2.11613 0.74363 -0.05887 -0.07978 0.66120
58180.988928000 -3.98494 -22.99754 -2.14550 0.74359 -0.05847 -0.08035 0.66121
58181.013504000 -4.03256 -23.25082 -2.17450 0.74351 -0.05817 -0.08082 0.66127
58181.042176000 -4.08836 -23.54615 -2.20834 0.74356 -0.05750 -0.08145 0.66120
58181.066752000 -4.13603 -23.80006 -2.23738 0.74351 -0.05703 -0.08207 0.66121
58181.091328000 -4.18407 -24.05390 -2.26631 0.74345 -0.05643 -0.08289 0.66123
58181.115904000 -4.23210 -24.30836 -2.29545 0.74336 -0.05608 -0.08343 0.66130
58181.140480000 -4.28022 -24.56360 -2.32492 0.74326 -0.05587 -0.08383 0.66138
58181.165056000 -4.32803 -24.82009 -2.35499 0.74325 -0.05595 -0.08375 0.66138
58181.189632000 -4.37594 -25.07717 -2.38503 0.74321 -0.05649 -0.08322 0.66146
58181.214208000 -4.42402 -25.33525 -2.41526 0.74323 -0.05771 -0.08191 0.66149
58181.238784000 -4.47082 -25.59494 -2.44557 0.74305 -0.06045 -0.07904 0.66179
58181.263360000 -4.51883 -25.85347 -2.47532 0.74270 -0.06130 -0.07825 0.66221
58181.292032000 -4.57349 -26.15839 -2.51018 0.74240 -0.06364 -0.07571 0.66262
58181.316608000 -4.61961 -26.42048 -2.54039 0.74221 -0.06643 -0.07282 0.66288
58181.341184000 -4.66603 -26.68368 -2.57218 0.74226 -0.06824 -0.07082 0.66285
58181.365760000 -4.71193 -26.94800 -2.60440 0.74235 -0.07077 -0.06826 0.66276
58181.390336000 -4.75812 -27.21292 -2.63694 0.74255 -0.07295 -0.06588 0.66254
58181.414912000 -4.80404 -27.47917 -2.66876 0.74273 -0.07537 -0.06338 0.66231
58181.439488000 -4.85007 -27.74505 -2.69776 0.74248 -0.07676 -0.06193 0.66257
58181.464064000 -4.89669 -28.01306 -2.72876 0.74256 -0.07894 -0.05965 0.66243
58181.488640000 -4.94486 -28.27999 -2.76010 0.74268 -0.07976 -0.05896 0.66226
58181.517312000 -5.00070 -28.59361 -2.79570 0.74265 -0.08085 -0.05791 0.66226
58181.541888000 -5.04885 -28.86141 -2.82754 0.74276 -0.08145 -0.05736 0.66210
58181.566464000 -5.09533 -29.13392 -2.86009 0.74282 -0.08289 -0.05587 0.66199
58181.591040000 -5.14144 -29.40661 -2.89125 0.74274 -0.08430 -0.05435 0.66202
58181.615616000 -5.18733 -29.68142 -2.91866 0.74214 -0.08550 -0.05323 0.66263
58181.640192000 -5.23628 -29.95195 -2.95278 0.74239 -0.08551 -0.05345 0.66234
58181.664768000 -5.28472 -30.22403 -2.98512 0.74240 -0.08566 -0.05351 0.66229
58181.689344000 -5.33401 -30.49924 -3.01969 0.74262 -0.08567 -0.05384 0.66202
58181.713920000 -5.38421 -30.77238 -3.05293 0.74265 -0.08526 -0.05448 0.66199
58181.738496000 -5.43616 -31.04878 -3.09068 0.74310 -0.08488 -0.05485 0.66151
58181.767168000 -5.49487 -31.37221 -3.13241 0.74347 -0.08538 -0.05436 0.66107
58181.791744000 -5.54497 -31.65121 -3.16948 0.74411 -0.08579 -0.05380 0.66033
58181.816320000 -5.59522 -31.92897 -3.20382 0.74451 -0.08514 -0.05450 0.65992
58181.840896000 -5.64764 -32.20741 -3.23897 0.74493 -0.08368 -0.05627 0.65947
58181.865472000 -5.69888 -32.48657 -3.27354 0.74525 -0.08242 -0.05784 0.65914
58181.890048000 -5.75000 -32.76651 -3.30932 0.74565 -0.08096 -0.05993 0.65868
58181.914624000 -5.80119 -33.04634 -3.34462 0.74582 -0.07999 -0.06130 0.65847
58181.939200000 -5.85351 -33.32672 -3.37855 0.74581 -0.07980 -0.06169 0.65848
58181.963776000 -5.90663 -33.60751 -3.41241 0.74560 -0.07971 -0.06219 0.65868
58181.988352000 -5.95969 -33.88798 -3.44627 0.74554 -0.07899 -0.06319 0.65874
58182.017024000 -6.01963 -34.21410 -3.48579 0.74551 -0.07895 -0.06353 0.65875
58182.041600000 -6.06830 -34.49816 -3.52063 0.74566 -0.08112 -0.06101 0.65856
58182.066176000 -6.12295 -34.77870 -3.55172 0.74501 -0.07992 -0.06246 0.65929
58182.090752000 -6.17505 -35.06078 -3.58389 0.74473 -0.08042 -0.06196 0.65960
58182.115328000 -6.22587 -35.34521 -3.61771 0.74456 -0.08121 -0.06128 0.65976
58182.139904000 -6.27735 -35.62991 -3.65097 0.74438 -0.08255 -0.06003 0.65991
58182.164480000 -6.32927 -35.91539 -3.68432 0.74452 -0.08364 -0.05898 0.65970
58182.189056000 -6.38170 -36.20026 -3.71804 0.74452 -0.08365 -0.05887 0.65972
58182.213632000 -6.43461 -36.48685 -3.75175 0.74451 -0.08433 -0.05791 0.65973
58182.242304000 -6.49657 -36.81857 -3.79087 0.74452 -0.08473 -0.05736 0.65972
58182.266880000 -6.55005 -37.10334 -3.82468 0.74448 -0.08506 -0.05692 0.65976
58182.291456000 -6.60297 -37.38775 -3.85763 0.74444 -0.08543 -0.05645 0.65979
58182.316032000 -6.65607 -37.67182 -3.89065 0.74445 -0.08529 -0.05673 0.65977
58182.340608000 -6.70885 -37.95660 -3.92364 0.74443 -0.08538 -0.05675 0.65978
58182.365184000 -6.76292 -38.24078 -3.95683 0.74438 -0.08444 -0.05808 0.65985
58182.389760000 -6.81801 -38.52420 -3.98859 0.74427 -0.08413 -0.05855 0.65996
58182.414336000 -6.87274 -38.80890 -4.02053 0.74419 -0.08344 -0.05963 0.66005
58182.438912000 -6.92806 -39.09577 -4.05294 0.74409 -0.08286 -0.06016 0.66019
58182.463488000 -6.98346 -39.38200 -4.08465 0.74383 -0.08265 -0.06051 0.66047
58182.492160000 -7.04758 -39.71528 -4.12200 0.74360 -0.08240 -0.06099 0.66071
58182.516736000 -7.10212 -40.00083 -4.15431 0.74346 -0.08188 -0.06165 0.66088
58182.541312000 -7.15637 -40.28640 -4.18641 0.74320 -0.08183 -0.06194 0.66115
58182.565888000 -7.21032 -40.57191 -4.21871 0.74307 -0.08186 -0.06223 0.66126
58182.590464000 -7.26460 -40.85678 -4.25061 0.74295 -0.08233 -0.06208 0.66136
58182.615040000 -7.31919 -41.14200 -4.28283 0.74300 -0.08239 -0.06244 0.66126
58182.639616000 -7.37349 -41.42714 -4.31530 0.74310 -0.08230 -0.06267 0.66114
58182.664192000 -7.42792 -41.71161 -4.34855 0.74322 -0.08166 -0.06363 0.66099
58182.688768000 -7.48270 -41.99652 -4.38077 0.74330 -0.08146 -0.06402 0.66089
58182.713344000 -7.53776 -42.28123 -4.41322 0.74326 -0.08103 -0.06463 0.66093
58182.742016000 -7.60252 -42.61199 -4.45018 0.74314 -0.08089 -0.06492 0.66104
58182.766592000 -7.65782 -42.89625 -4.48188 0.74310 -0.08099 -0.06513 0.66105
58182.791168000 -7.71312 -43.18155 -4.51409 0.74299 -0.08122 -0.06545 0.66113
58182.815744000 -7.76853 -43.46674 -4.54543 0.74282 -0.08135 -0.06591 0.66125
58182.840320000 -7.82323 -43.75379 -4.57825 0.74284 -0.08129 -0.06639 0.66119
58182.864896000 -7.87821 -44.04097 -4.61145 0.74290 -0.08111 -0.06731 0.66105
58182.889472000 -7.93391 -44.32843 -4.64302 0.74274 -0.08165 -0.06731 0.66117
58182.914048000 -7.99062 -44.61572 -4.67269 0.74235 -0.08226 -0.06722 0.66153
58182.938624000 -8.04722 -44.90519 -4.70186 0.74188 -0.08298 -0.06662 0.66204
58182.967296000 -8.11297 -45.24119 -4.73692 0.74166 -0.08301 -0.06673 0.66227
58182.991872000 -8.16930 -45.53080 -4.76673 0.74133 -0.08356 -0.06645 0.66259
58183.016448000 -8.22542 -45.81986 -4.79642 0.74111 -0.08375 -0.06666 0.66280
58183.041024000 -8.28168 -46.10986 -4.82648 0.74090 -0.08396 -0.06691 0.66298
58183.065600000 -8.33859 -46.39898 -4.85667 0.74082 -0.08383 -0.06733 0.66304
58183.090176000 -8.39555 -46.68868 -4.88730 0.74065 -0.08372 -0.06796 0.66318
58183.114752000 -8.45286 -46.97836 -4.91776 0.74051 -0.08367 -0.06838 0.66331
58183.139328000 -8.51042 -47.26908 -4.94796 0.74040 -0.08389 -0.06853 0.66338
58183.163904000 -8.56722 -47.55910 -4.97843 0.74038 -0.08404 -0.06832 0.66341
58183.188480000 -8.62466 -47.84996 -5.00851 0.74027 -0.08435 -0.06839 0.66349
58183.217152000 -8.69121 -48.18814 -5.04356 0.74020 -0.08466 -0.06822 0.66354
58183.241728000 -8.74853 -48.47917 -5.07232 0.74013 -0.08565 -0.06748 0.66356
58183.266304000 -8.80720 -48.76994 -5.09970 0.73991 -0.08686 -0.06628 0.66377
58183.290880000 -8.86435 -49.06055 -5.13032 0.73995 -0.08687 -0.06671 0.66369
58183.315456000 -8.92302 -49.34987 -5.15786 0.73973 -0.08780 -0.06609 0.66387
58183.340032000 -8.98239 -49.63860 -5.18503 0.73953 -0.08869 -0.06521 0.66406
58183.364608000 -9.04274 -49.92760 -5.21246 0.73925 -0.08933 -0.06490 0.66432
58183.389184000 -9.10283 -50.21766 -5.24005 0.73897 -0.08981 -0.06459 0.66459
58183.413760000 -9.16321 -50.50716 -5.26806 0.73872 -0.09015 -0.06439 0.66484
58183.438336000 -9.22490 -50.79634 -5.29585 0.73844 -0.08990 -0.06500 0.66513
58183.467008000 -9.29502 -51.13421 -5.32850 0.73822 -0.08993 -0.06523 0.66535
58183.491584000 -9.35578 -51.42378 -5.35595 0.73797 -0.08999 -0.06547 0.66559
58183.516160000 -9.41664 -51.71288 -5.38311 0.73770 -0.09021 -0.06550 0.66586
58183.540736000 -9.47703 -52.00197 -5.40993 0.73764 -0.09042 -0.06549 0.66590
58183.565312000 -9.54092 -52.29034 -5.44190 0.73755 -0.08774 -0.06897 0.66601
58183.589888000 -9.60017 -52.57895 -5.46280 0.73699 -0.09138 -0.06536 0.66650
58183.614464000 -9.66173 -52.86760 -5.49000 0.73697 -0.09138 -0.06567 0.66649
58183.639040000 -9.72333 -53.15629 -5.51650 0.73684 -0.09132 -0.06609 0.66661
58183.663616000 -9.78456 -53.44667 -5.54311 0.73670 -0.09131 -0.06641 0.66673
58183.692288000 -9.85643 -53.78433 -5.57478 0.73660 -0.09127 -0.06688 0.66680
58183.716864000 -9.91855 -54.07364 -5.60096 0.73647 -0.09124 -0.06713 0.66692
58183.741440000 -9.98056 -54.36346 -5.62674 0.73633 -0.09164 -0.06704 0.66702
58183.766016000 -10.04367 -54.65281 -5.65262 0.73630 -0.09176 -0.06704 0.66705
58183.790592000 -10.10700 -54.94170 -5.67770 0.73610 -0.09208 -0.06701 0.66722
58183.815168000 -10.17112 -55.23080 -5.70172 0.73590 -0.09230 -0.06681 0.66744
58183.839744000 -10.23531 -55.52017 -5.72741 0.73582 -0.09189 -0.06741 0.66752
58183.864320000 -10.29920 -55.80924 -5.75409 0.73577 -0.09155 -0.06791 0.66757
58183.888896000 -10.36393 -56.09983 -5.77837 0.73554 -0.09171 -0.06781 0.66781
58183.913472000 -10.42636 -56.38965 -5.80450 0.73558 -0.09197 -0.06787 0.66773
58183.942144000 -10.49926 -56.72693 -5.83495 0.73587 -0.09199 -0.06816 0.66737
58183.966720000 -10.56195 -57.01658 -5.86029 0.73576 -0.09256 -0.06781 0.66746
58183.991296000 -10.62490 -57.30619 -5.88652 0.73578 -0.09286 -0.06776 0.66739
58184.015872000 -10.68753 -57.59499 -5.91253 0.73574 -0.09288 -0.06795 0.66741
58184.040448000 -10.74940 -57.88349 -5.93912 0.73585 -0.09266 -0.06828 0.66729
58184.065024000 -10.81250 -58.17229 -5.96496 0.73569 -0.09249 -0.06854 0.66747
58184.089600000 -10.87543 -58.46180 -5.99133 0.73562 -0.09214 -0.06937 0.66751
58184.114176000 -10.93895 -58.75176 -6.01729 0.73546 -0.09196 -0.06962 0.66768
58184.138752000 -11.00215 -59.04344 -6.04260 0.73532 -0.09185 -0.06994 0.66781
58184.163328000 -11.06553 -59.33306 -6.06940 0.73533 -0.09169 -0.07033 0.66779
58184.192000000 -11.14019 -59.67137 -6.09948 0.73525 -0.09180 -0.07046 0.66784
58184.216576000 -11.20366 -59.96121 -6.12624 0.73529 -0.09172 -0.07068 0.66779
58184.241152000 -11.26671 -60.25109 -6.15235 0.73545 -0.09146 -0.07112 0.66760
58184.265728000 -11.32984 -60.54138 -6.17805 0.73546 -0.09148 -0.07127 0.66757
58184.290304000 -11.39253 -60.83139 -6.20508 0.73584 -0.09133 -0.07182 0.66711
58184.314880000 -11.45620 -61.12156 -6.23035 0.73604 -0.09103 -0.07211 0.66691
58184.339456000 -11.51951 -61.41134 -6.25579 0.73603 -0.09114 -0.07228 0.66688
58184.364032000 -11.58268 -61.70027 -6.28130 0.73601 -0.09115 -0.07253 0.66687
58184.388608000 -11.64590 -61.99037 -6.30692 0.73600 -0.09094 -0.07281 0.66688
58184.417280000 -11.71951 -62.32727 -6.33836 0.73610 -0.09067 -0.07339 0.66674
58184.441856000 -11.78278 -62.61568 -6.36536 0.73615 -0.09032 -0.07399 0.66667
58184.466432000 -11.84626 -62.90410 -6.39285 0.73637 -0.08995 -0.07455 0.66642
58184.491008000 -11.90996 -63.19253 -6.41963 0.73645 -0.08985 -0.07492 0.66630
58184.515584000 -11.97320 -63.48144 -6.44806 0.73658 -0.08978 -0.07529 0.66613
58184.540160000 -12.03657 -63.77069 -6.47542 0.73666 -0.08969 -0.07564 0.66600
58184.564736000 -12.09966 -64.05913 -6.50200 0.73670 -0.08976 -0.07579 0.66594
58184.589312000 -12.16237 -64.34858 -6.52915 0.73694 -0.08967 -0.07593 0.66566
58184.613888000 -12.22528 -64.63770 -6.55627 0.73693 -0.08991 -0.07614 0.66562
58184.638464000 -12.28861 -64.92704 -6.58416 0.73689 -0.08998 -0.07655 0.66561
58184.667136000 -12.36335 -65.26363 -6.61582 0.73682 -0.09003 -0.07677 0.66565
58184.691712000 -12.42784 -65.55263 -6.64292 0.73668 -0.08997 -0.07707 0.66578
58184.716288000 -12.49293 -65.84228 -6.66923 0.73637 -0.08987 -0.07736 0.66611
58184.740864000 -12.55733 -66.13189 -6.69607 0.73610 -0.08967 -0.07764 0.66640
58184.765440000 -12.62245 -66.42128 -6.72145 0.73569 -0.08951 -0.07791 0.66684
58184.790016000 -12.68782 -66.71074 -6.74579 0.73528 -0.08967 -0.07793 0.66727
58184.814592000 -12.75313 -66.99948 -6.76982 0.73493 -0.09003 -0.07773 0.66763
58184.839168000 -12.81847 -67.28895 -6.79397 0.73461 -0.09046 -0.07752 0.66795
58184.863744000 -12.88477 -67.57949 -6.81685 0.73414 -0.09109 -0.07700 0.66844
58184.888320000 -12.95182 -67.86890 -6.83976 0.73364 -0.09180 -0.07646 0.66895
58184.916992000 -13.02874 -68.20635 -6.86743 0.73341 -0.09187 -0.07663 0.66918
58184.941568000 -13.09516 -68.49607 -6.88987 0.73301 -0.09225 -0.07647 0.66958
58184.966144000 -13.16180 -68.78578 -6.91284 0.73281 -0.09243 -0.07653 0.66977
58184.990720000 -13.22862 -69.07518 -6.93603 0.73258 -0.09268 -0.07649 0.66999
58185.015296000 -13.29561 -69.36440 -6.95894 0.73240 -0.09260 -0.07673 0.67017
58185.039872000 -13.36285 -69.65360 -6.98179 0.73219 -0.09266 -0.07685 0.67038
58185.064448000 -13.43062 -69.94312 -7.00347 0.73187 -0.09271 -0.07673 0.67073
58185.089024000 -13.49746 -70.23260 -7.02587 0.73164 -0.09311 -0.07643 0.67096
58185.113600000 -13.56386 -70.52422 -7.04850 0.73148 -0.09336 -0.07623 0.67113
58185.142272000 -13.64085 -70.86301 -7.07539 0.73151 -0.09368 -0.07591 0.67108
58185.166848000 -13.70624 -71.15349 -7.09897 0.73164 -0.09382 -0.07611 0.67090
58185.191424000 -13.77135 -71.44446 -7.12269 0.73178 -0.09400 -0.07609 0.67073
58185.216000000 -13.83670 -71.73527 -7.14633 0.73197 -0.09390 -0.07623 0.67052
58185.240576000 -13.90258 -72.02500 -7.16969 0.73206 -0.09412 -0.07619 0.67039
58185.265152000 -13.96971 -72.31380 -7.19265 0.73211 -0.09434 -0.07637 0.67028
58185.289728000 -14.03633 -72.60351 -7.21497 0.73202 -0.09484 -0.07622 0.67033
58185.314304000 -14.10357 -72.89312 -7.23681 0.73174 -0.09530 -0.07586 0.67061
58185.338880000 -14.17145 -73.18290 -7.25903 0.73153 -0.09539 -0.07584 0.67083
58185.363456000 -14.23933 -73.47118 -7.28127 0.73137 -0.09515 -0.07622 0.67100
58185.392128000 -14.31773 -73.80801 -7.30696 0.73113 -0.09483 -0.07666 0.67125
58185.416704000 -14.38525 -74.09658 -7.32898 0.73087 -0.09478 -0.07675 0.67153
58185.441280000 -14.45315 -74.38539 -7.35035 0.73065 -0.09480 -0.07687 0.67175
58185.465856000 -14.52122 -74.67411 -7.37174 0.73038 -0.09502 -0.07677 0.67202
58185.490432000 -14.58888 -74.96262 -7.39393 0.73030 -0.09522 -0.07680 0.67208
58185.515008000 -14.65673 -75.25090 -7.41573 0.73025 -0.09545 -0.07676 0.67210
58185.539584000 -14.72400 -75.53924 -7.43782 0.73029 -0.09540 -0.07699 0.67205
58185.564160000 -14.79139 -75.82759 -7.46018 0.73035 -0.09524 -0.07721 0.67198
58185.588736000 -14.85913 -76.11583 -7.48243 0.73035 -0.09491 -0.07756 0.67198
58185.613312000 -14.92690 -76.40471 -7.50408 0.73025 -0.09477 -0.07770 0.67209
58185.641984000 -15.00629 -76.74101 -7.52976 0.73010 -0.09501 -0.07772 0.67223
58185.666560000 -15.07327 -77.02863 -7.55279 0.73012 -0.09479 -0.07810 0.67219
58185.691136000 -15.14066 -77.31638 -7.57510 0.72997 -0.09474 -0.07822 0.67235
58185.715712000 -15.20846 -77.60411 -7.59664 0.72976 -0.09494 -0.07830 0.67254
58185.740288000 -15.27590 -77.89070 -7.61795 0.72945 -0.09492 -0.07841 0.67287
58185.764864000 -15.34374 -78.17890 -7.63791 0.72904 -0.09514 -0.07815 0.67331
58185.789440000 -15.41085 -78.46586 -7.65885 0.72885 -0.09532 -0.07811 0.67349
58185.814016000 -15.47947 -78.75338 -7.67884 0.72865 -0.09533 -0.07795 0.67372
58185.838592000 -15.54721 -79.04061 -7.69966 0.72851 -0.09526 -0.07810 0.67387
58185.867264000 -15.62587 -79.37530 -7.72471 0.72852 -0.09482 -0.07854 0.67386
58185.891840000 -15.69309 -79.66353 -7.74580 0.72835 -0.09488 -0.07847 0.67405
58185.916416000 -15.76070 -79.95122 -7.76656 0.72841 -0.09487 -0.07848 0.67399
58185.940992000 -15.82789 -80.23887 -7.78770 0.72841 -0.09521 -0.07824 0.67397
58185.965568000 -15.89461 -80.52577 -7.80965 0.72863 -0.09502 -0.07851 0.67372
58185.990144000 -15.96131 -80.81227 -7.83145 0.72880 -0.09497 -0.07860 0.67354
58186.014720000 -16.02854 -81.09815 -7.85334 0.72898 -0.09495 -0.07875 0.67333
58186.039296000 -16.09588 -81.38416 -7.87486 0.72900 -0.09509 -0.07875 0.67328
58186.063872000 -16.16367 -81.66984 -7.89603 0.72904 -0.09496 -0.07885 0.67325
58186.088448000 -16.23042 -81.95559 -7.91723 0.72918 -0.09490 -0.07901 0.67309
58186.117120000 -16.30940 -82.28772 -7.94124 0.72917 -0.09468 -0.07937 0.67309
58186.141696000 -16.37732 -82.57315 -7.96141 0.72901 -0.09462 -0.07950 0.67325
58186.166272000 -16.44423 -82.85826 -7.98199 0.72892 -0.09467 -0.07954 0.67335
58186.190848000 -16.51064 -83.14268 -8.00250 0.72887 -0.09458 -0.07966 0.67339
58186.215424000 -16.57856 -83.42752 -8.02120 0.72853 -0.09469 -0.07945 0.67377
58186.240000000 -16.64553 -83.71134 -8.04216 0.72848 -0.09449 -0.07960 0.67383
58186.264576000 -16.71156 -83.99534 -8.06153 0.72824 -0.09476 -0.07947 0.67407
58186.289152000 -16.77886 -84.28015 -8.07833 0.72801 -0.09505 -0.07907 0.67433
58186.313728000 -16.84585 -84.56623 -8.09351 0.72774 -0.09559 -0.07850 0.67461
58186.338304000 -16.91258 -84.84994 -8.11303 0.72770 -0.09565 -0.07847 0.67465
58186.366976000 -16.99104 -85.18109 -8.13547 0.72762 -0.09543 -0.07884 0.67471
58186.391552000 -17.05714 -85.46689 -8.15180 0.72748 -0.09580 -0.07843 0.67487
58186.416128000 -17.12291 -85.75229 -8.16919 0.72739 -0.09593 -0.07825 0.67497
58186.440704000 -17.18888 -86.03666 -8.18612 0.72730 -0.09605 -0.07810 0.67506
58186.465280000 -17.25572 -86.32216 -8.20371 0.72727 -0.09601 -0.07807 0.67510
58186.489856000 -17.32203 -86.60839 -8.22159 0.72716 -0.09632 -0.07784 0.67521
58186.514432000 -17.38940 -86.89509 -8.23970 0.72708 -0.09651 -0.07752 0.67530
58186.539008000 -17.45564 -87.17839 -8.25895 0.72714 -0.09631 -0.07779 0.67524
58186.563584000 -17.52277 -87.46387 -8.27724 0.72701 -0.09651 -0.07753 0.67537
58186.592256000 -17.60001 -87.79492 -8.29829 0.72712 -0.09644 -0.07769 0.67525
58186.616832000 -17.66765 -88.08211 -8.31739 0.72702 -0.09643 -0.07771 0.67536
58186.641408000 -17.73528 -88.36862 -8.33600 0.72698 -0.09662 -0.07750 0.67540
58186.665984000 -17.80356 -88.65441 -8.35404 0.72693 -0.09674 -0.07730 0.67545
58186.690560000 -17.87111 -88.94087 -8.37228 0.72692 -0.09687 -0.07712 0.67547
58186.715136000 -17.93867 -89.22791 -8.39063 0.72696 -0.09707 -0.07658 0.67545
58186.739712000 -18.00564 -89.51449 -8.40870 0.72702 -0.09745 -0.07623 0.67538
58186.764288000 -18.07229 -89.80102 -8.42734 0.72715 -0.09757 -0.07619 0.67523
58186.788864000 -18.13836 -90.08772 -8.44600 0.72726 -0.09748 -0.07611 0.67513
58186.813440000 -18.20413 -90.37214 -8.46472 0.72737 -0.09754 -0.07607 0.67501
58186.842112000 -18.28144 -90.70464 -8.48584 0.72745 -0.09765 -0.07604 0.67490
58186.866688000 -18.34796 -90.99017 -8.50418 0.72743 -0.09796 -0.07603 0.67488
58186.891264000 -18.41453 -91.27511 -8.52310 0.72746 -0.09829 -0.07591 0.67482
58186.915840000 -18.48106 -91.56086 -8.54189 0.72748 -0.09841 -0.07583 0.67478
58186.940416000 -18.54770 -91.84591 -8.56116 0.72746 -0.09862 -0.07569 0.67479
58186.964992000 -18.61349 -92.13021 -8.57971 0.72753 -0.09864 -0.07564 0.67472
58186.989568000 -18.67885 -92.41423 -8.59854 0.72760 -0.09865 -0.07567 0.67464
58187.014144000 -18.74471 -92.69907 -8.61779 0.72765 -0.09843 -0.07568 0.67462
58187.038720000 -18.81086 -92.98422 -8.63676 0.72764 -0.09845 -0.07563 0.67463
58187.063296000 -18.87611 -93.26805 -8.65593 0.72774 -0.09863 -0.07550 0.67451
58187.091968000 -18.95315 -93.59909 -8.67782 0.72774 -0.09856 -0.07545 0.67453
58187.116544000 -19.01977 -93.88368 -8.69691 0.72743 -0.09853 -0.07560 0.67484
58187.141120000 -19.08574 -94.16771 -8.71743 0.72727 -0.09842 -0.07588 0.67501
58187.165696000 -19.15202 -94.45146 -8.73746 0.72704 -0.09856 -0.07600 0.67522
58187.190272000 -19.21842 -94.73557 -8.75645 0.72683 -0.09879 -0.07576 0.67544
58187.214848000 -19.28454 -95.02052 -8.77555 0.72644 -0.09918 -0.07552 0.67583
58187.239424000 -19.35072 -95.30574 -8.79388 0.72608 -0.09962 -0.07515 0.67620
58187.264000000 -19.41765 -95.59168 -8.81246 0.72579 -0.10000 -0.07473 0.67649
58187.288576000 -19.48498 -95.87897 -8.83109 0.72549 -0.10063 -0.07395 0.67681
58187.317248000 -19.56177 -96.20937 -8.85195 0.72528 -0.10074 -0.07385 0.67703
58187.341824000 -19.63003 -96.49589 -8.87051 0.72518 -0.10124 -0.07325 0.67712
58187.366400000 -19.69607 -96.77941 -8.88827 0.72514 -0.10134 -0.07328 0.67715
58187.390976000 -19.76553 -97.06534 -8.90630 0.72506 -0.10199 -0.07276 0.67719
58187.415552000 -19.83532 -97.35156 -8.92500 0.72519 -0.10246 -0.07225 0.67704
58187.440128000 -19.90161 -97.63534 -8.94285 0.72531 -0.10228 -0.07250 0.67691
58187.464704000 -19.96807 -97.91900 -8.96053 0.72542 -0.10221 -0.07265 0.67678
58187.489280000 -20.03851 -98.20402 -8.97857 0.72548 -0.10248 -0.07215 0.67674
58187.513856000 -20.10957 -98.48846 -8.99730 0.72553 -0.10278 -0.07186 0.67666
58187.538432000 -20.17977 -98.77289 -9.01593 0.72553 -0.10276 -0.07186 0.67668
58187.567104000 -20.25647 -99.10306 -9.03667 0.72561 -0.10261 -0.07205 0.67659
58187.591680000 -20.32115 -99.38800 -9.05356 0.72556 -0.10288 -0.07198 0.67661
58187.616256000 -20.38925 -99.67292 -9.07168 0.72557 -0.10278 -0.07177 0.67663
58187.640832000 -20.45491 -99.95640 -9.09000 0.72566 -0.10238 -0.07216 0.67656
58187.665408000 -20.52083 -100.23937 -9.10836 0.72570 -0.10226 -0.07226 0.67652
58187.689984000 -20.58726 -100.52158 -9.12608 0.72565 -0.10215 -0.07237 0.67658
58187.714560000 -20.65698 -100.80331 -9.14499 0.72555 -0.10190 -0.07242 0.67672
58187.739136000 -20.72315 -101.08537 -9.16228 0.72552 -0.10177 -0.07249 0.67677
58187.763712000 -20.79293 -101.36877 -9.18017 0.72525 -0.10144 -0.07263 0.67708
58187.788288000 -20.86188 -101.65089 -9.19885 0.72500 -0.10095 -0.07291 0.67740
58187.816960000 -20.94134 -101.97917 -9.21992 0.72467 -0.10059 -0.07317 0.67778
58187.841536000 -21.00959 -102.26036 -9.23558 0.72424 -0.10020 -0.07354 0.67825
58187.866112000 -21.07684 -102.54364 -9.25077 0.72383 -0.10011 -0.07358 0.67870
58187.890688000 -21.14414 -102.82568 -9.26624 0.72347 -0.10053 -0.07336 0.67905
58187.915264000 -21.21112 -103.10778 -9.28105 0.72322 -0.10063 -0.07316 0.67932
58187.939840000 -21.27824 -103.38973 -9.29658 0.72309 -0.10052 -0.07316 0.67947
58187.964416000 -21.34482 -103.67174 -9.31179 0.72296 -0.10056 -0.07298 0.67963
58187.988992000 -21.41133 -103.95399 -9.32740 0.72290 -0.10045 -0.07302 0.67970
58188.013568000 -21.47863 -104.23749 -9.34270 0.72286 -0.10065 -0.07268 0.67975
58188.042240000 -21.55705 -104.56603 -9.36024 0.72289 -0.10075 -0.07235 0.67974
58188.066816000 -21.62461 -104.84804 -9.37528 0.72296 -0.10097 -0.07195 0.67968
58188.091392000 -21.69212 -105.12979 -9.39105 0.72307 -0.10119 -0.07173 0.67954
58188.115968000 -21.75923 -105.41235 -9.40715 0.72330 -0.10103 -0.07167 0.67934
58188.140544000 -21.82610 -105.69457 -9.42374 0.72343 -0.10096 -0.07168 0.67920
58188.165120000 -21.89249 -105.97519 -9.43952 0.72359 -0.10116 -0.07151 0.67902
58188.189696000 -21.95973 -106.25710 -9.45682 0.72380 -0.10116 -0.07149 0.67879
58188.214272000 -22.02554 -106.53710 -9.47301 0.72402 -0.10113 -0.07155 0.67857
58188.238848000 -22.09275 -106.81836 -9.49151 0.72416 -0.10095 -0.07180 0.67841
58188.263424000 -22.16059 -107.09918 -9.50909 0.72429 -0.10079 -0.07193 0.67829
58188.292096000 -22.23920 -107.42561 -9.52908 0.72444 -0.10079 -0.07189 0.67813
58188.316672000 -22.30401 -107.70490 -9.54575 0.72462 -0.10096 -0.07175 0.67793
58188.341248000 -22.37072 -107.98363 -9.56293 0.72458 -0.10102 -0.07165 0.67798
58188.365824000 -22.43669 -108.26200 -9.57940 0.72456 -0.10127 -0.07140 0.67798
58188.390400000 -22.50289 -108.53963 -9.59602 0.72450 -0.10145 -0.07118 0.67805
58188.414976000 -22.56898 -108.81781 -9.61076 0.72434 -0.10175 -0.07086 0.67820
58188.439552000 -22.63463 -109.09533 -9.62651 0.72430 -0.10203 -0.07065 0.67822
58188.464128000 -22.70114 -109.37189 -9.64349 0.72431 -0.10222 -0.07052 0.67819
58188.488704000 -22.76790 -109.65031 -9.65788 0.72426 -0.10224 -0.07039 0.67826
58188.513280000 -22.83284 -109.92716 -9.67639 0.72441 -0.10211 -0.07049 0.67811
58188.541952000 -22.90892 -110.25055 -9.69646 0.72444 -0.10224 -0.07032 0.67807
58188.566528000 -22.97252 -110.52962 -9.71299 0.72456 -0.10245 -0.07031 0.67792
58188.591104000 -23.03586 -110.80789 -9.73026 0.72472 -0.10248 -0.07026 0.67775
58188.615680000 -23.09976 -111.08588 -9.74788 0.72490 -0.10257 -0.07010 0.67756
58188.640256000 -23.16613 -111.36158 -9.76508 0.72495 -0.10252 -0.07006 0.67751
58188.664832000 -23.23173 -111.63631 -9.78125 0.72487 -0.10267 -0.06984 0.67761
58188.689408000 -23.29858 -111.91108 -9.79894 0.72462 -0.10247 -0.06989 0.67789
58188.713984000 -23.36139 -112.18490 -9.81565 0.72436 -0.10234 -0.06997 0.67819
58188.738560000 -23.42657 -112.45733 -9.83164 0.72395 -0.10212 -0.07018 0.67863
58188.767232000 -23.50136 -112.77615 -9.84956 0.72372 -0.10201 -0.07036 0.67888
58188.791808000 -23.56770 -113.04888 -9.86383 0.72338 -0.10209 -0.07023 0.67924
58188.816384000 -23.63470 -113.32223 -9.87794 0.72304 -0.10208 -0.07018 0.67961
58188.840960000 -23.69876 -113.59570 -9.89351 0.72301 -0.10233 -0.07001 0.67962
58188.865536000 -23.76318 -113.86909 -9.90801 0.72299 -0.10259 -0.06976 0.67963
58188.890112000 -23.82797 -114.14188 -9.92334 0.72308 -0.10266 -0.06967 0.67953
58188.914688000 -23.89371 -114.41440 -9.93392 0.72299 -0.10297 -0.06911 0.67963
58188.939264000 -23.95904 -114.68783 -9.94429 0.72303 -0.10308 -0.06906 0.67959
58188.963840000 -24.02323 -114.95945 -9.95673 0.72320 -0.10307 -0.06917 0.67939
58188.988416000 -24.08713 -115.23139 -9.96887 0.72322 -0.10307 -0.06918 0.67937
58189.017088000 -24.16126 -115.54723 -9.98459 0.72323 -0.10319 -0.06920 0.67934
58189.041664000 -24.22534 -115.81718 -9.99959 0.72317 -0.10335 -0.06921 0.67938
58189.066240000 -24.28948 -116.08791 -10.01517 0.72325 -0.10307 -0.06941 0.67932
58189.090816000 -24.35384 -116.35691 -10.03004 0.72327 -0.10288 -0.06951 0.67931
58189.115392000 -24.41811 -116.62740 -10.04481 0.72320 -0.10282 -0.06960 0.67939
58189.139968000 -24.48194 -116.89601 -10.06065 0.72326 -0.10262 -0.06991 0.67933
58189.164544000 -24.54573 -117.16346 -10.07702 0.72328 -0.10226 -0.07035 0.67931
58189.189120000 -24.60882 -117.43101 -10.09320 0.72326 -0.10201 -0.07085 0.67932
58189.213696000 -24.67165 -117.69999 -10.10889 0.72334 -0.10170 -0.07111 0.67925
58189.238272000 -24.73439 -117.96729 -10.12471 0.72349 -0.10159 -0.07129 0.67909
58189.266944000 -24.80714 -118.27884 -10.14199 0.72352 -0.10157 -0.07143 0.67905
58189.291520000 -24.86944 -118.54591 -10.15681 0.72357 -0.10148 -0.07157 0.67899
58189.316096000 -24.93258 -118.81338 -10.17352 0.72372 -0.10131 -0.07175 0.67883
58189.340672000 -24.99563 -119.08038 -10.19059 0.72384 -0.10142 -0.07162 0.67871
58189.365248000 -25.05858 -119.34706 -10.20636 0.72397 -0.10167 -0.07126 0.67857
58189.389824000 -25.12137 -119.61333 -10.22109 0.72403 -0.10180 -0.07115 0.67850
58189.414400000 -25.18383 -119.87965 -10.23601 0.72414 -0.10184 -0.07120 0.67837
58189.438976000 -25.24576 -120.14696 -10.25083 0.72420 -0.10155 -0.07137 0.67833
58189.463552000 -25.30677 -120.41108 -10.26615 0.72429 -0.10143 -0.07149 0.67823
58189.492224000 -25.37933 -120.71979 -10.28290 0.72437 -0.10110 -0.07173 0.67817
58189.516800000 -25.44183 -120.98443 -10.29652 0.72425 -0.10115 -0.07166 0.67830
58189.541376000 -25.50305 -121.24810 -10.31069 0.72436 -0.10126 -0.07176 0.67816
58189.565952000 -25.56389 -121.51032 -10.32589 0.72432 -0.10140 -0.07189 0.67817
58189.590528000 -25.62707 -121.77356 -10.34015 0.72421 -0.10113 -0.07201 0.67831
58189.615104000 -25.69021 -122.03789 -10.35393 0.72397 -0.10097 -0.07195 0.67860
58189.639680000 -25.75413 -122.30060 -10.36978 0.72376 -0.10083 -0.07202 0.67884
58189.664256000 -25.81582 -122.56033 -10.38349 0.72354 -0.10074 -0.07226 0.67906
58189.688832000 -25.88039 -122.82279 -10.39857 0.72327 -0.10094 -0.07210 0.67933
58189.713408000 -25.94114 -123.08311 -10.41173 0.72309 -0.10105 -0.07215 0.67950
58189.742080000 -26.01205 -123.38420 -10.42825 0.72293 -0.10095 -0.07248 0.67965
58189.766656000 -26.07573 -123.64568 -10.44316 0.72286 -0.10040 -0.07286 0.67977
58189.791232000 -26.13862 -123.90723 -10.45724 0.72268 -0.10032 -0.07288 0.67997
58189.815808000 -26.19706 -124.16543 -10.47052 0.72259 -0.10027 -0.07299 0.68007
58189.840384000 -26.25816 -124.42322 -10.48393 0.72253 -0.10020 -0.07317 0.68011
58189.864960000 -26.31927 -124.68021 -10.49746 0.72264 -0.10031 -0.07312 0.67999
58189.889536000 -26.38091 -124.93994 -10.51298 0.72279 -0.10022 -0.07316 0.67984
58189.914112000 -26.44299 -125.20039 -10.52782 0.72290 -0.10007 -0.07332 0.67972
58189.938688000 -26.50497 -125.46090 -10.54254 0.72308 -0.10003 -0.07325 0.67955
58189.963264000 -26.56508 -125.71670 -10.55613 0.72324 -0.09987 -0.07338 0.67938
58189.991936000 -26.63639 -126.01873 -10.57399 0.72329 -0.09963 -0.07361 0.67935
58190.016512000 -26.69786 -126.27628 -10.58948 0.72346 -0.09956 -0.07370 0.67917
58190.041088000 -26.75773 -126.53188 -10.60300 0.72355 -0.09943 -0.07388 0.67907
58190.065664000 -26.81815 -126.78641 -10.61631 0.72361 -0.09931 -0.07421 0.67898
58190.090240000 -26.87824 -127.04003 -10.63026 0.72357 -0.09920 -0.07444 0.67901
58190.114816000 -26.93693 -127.29935 -10.64725 0.72357 -0.09893 -0.07479 0.67901
58190.139392000 -26.99688 -127.55597 -10.66266 0.72344 -0.09858 -0.07510 0.67917
58190.163968000 -27.05635 -127.80948 -10.67654 0.72334 -0.09836 -0.07522 0.67929
58190.188544000 -27.11594 -128.06686 -10.69305 0.72331 -0.09840 -0.07525 0.67932
58190.217216000 -27.18643 -128.36686 -10.71152 0.72312 -0.09818 -0.07543 0.67953
58190.241792000 -27.24620 -128.62521 -10.72821 0.72299 -0.09831 -0.07533 0.67966
58190.266368000 -27.30530 -128.88405 -10.74457 0.72294 -0.09821 -0.07535 0.67973
58190.290944000 -27.36434 -129.13662 -10.75814 0.72285 -0.09842 -0.07528 0.67980
58190.315520000 -27.42376 -129.39033 -10.77143 0.72271 -0.09839 -0.07530 0.67995
58190.340096000 -27.48290 -129.64273 -10.78526 0.72259 -0.09836 -0.07531 0.68009
58190.364672000 -27.54213 -129.89859 -10.80116 0.72277 -0.09834 -0.07508 0.67992
58190.389248000 -27.60185 -130.15011 -10.81403 0.72262 -0.09848 -0.07511 0.68006
58190.413824000 -27.66149 -130.40153 -10.82733 0.72256 -0.09877 -0.07490 0.68010
58190.438400000 -27.72068 -130.65372 -10.84016 0.72247 -0.09875 -0.07511 0.68018
58190.467072000 -27.79001 -130.95250 -10.85567 0.72241 -0.09898 -0.07473 0.68025
58190.491648000 -27.84994 -131.20739 -10.86952 0.72237 -0.09948 -0.07427 0.68028
58190.516224000 -27.90988 -131.45818 -10.88260 0.72226 -0.09965 -0.07414 0.68038
58190.540800000 -27.97051 -131.71295 -10.89521 0.72227 -0.09978 -0.07387 0.68038
58190.565376000 -28.02938 -131.96293 -10.90901 0.72214 -0.09992 -0.07373 0.68051
58190.589952000 -28.08824 -132.21250 -10.92191 0.72212 -0.10029 -0.07356 0.68049
58190.614528000 -28.14708 -132.46206 -10.93424 0.72217 -0.10048 -0.07339 0.68043
58190.639104000 -28.20479 -132.71184 -10.94585 0.72222 -0.10052 -0.07335 0.68037
58190.663680000 -28.26593 -132.96450 -10.95661 0.72226 -0.10061 -0.07321 0.68034
58190.688256000 -28.32696 -133.21795 -10.96796 0.72226 -0.10064 -0.07298 0.68036
58190.716928000 -28.39508 -133.50815 -10.98266 0.72225 -0.10057 -0.07301 0.68037
58190.741504000 -28.45591 -133.75837 -10.99563 0.72243 -0.10054 -0.07277 0.68021
58190.766080000 -28.51427 -134.00684 -11.00812 0.72246 -0.10066 -0.07244 0.68020
58190.790656000 -28.57212 -134.25497 -11.02083 0.72234 -0.10069 -0.07237 0.68033
58190.815232000 -28.63001 -134.50196 -11.03368 0.72216 -0.10069 -0.07229 0.68053
58190.839808000 -28.68858 -134.75244 -11.04679 0.72199 -0.10047 -0.07231 0.68074
58190.864384000 -28.74552 -134.99915 -11.05835 0.72184 -0.10058 -0.07216 0.68090
58190.888960000 -28.80327 -135.24641 -11.07101 0.72172 -0.10037 -0.07223 0.68105
58190.913536000 -28.86117 -135.49346 -11.08292 0.72149 -0.10032 -0.07215 0.68131
58190.942208000 -28.93020 -135.78452 -11.09961 0.72137 -0.10019 -0.07223 0.68145
58190.966784000 -28.98817 -136.02972 -11.11044 0.72115 -0.10035 -0.07206 0.68168
58190.991360000 -29.04621 -136.27645 -11.12208 0.72105 -0.10028 -0.07206 0.68179
58191.015936000 -29.10391 -136.52395 -11.13298 0.72098 -0.10034 -0.07211 0.68185
58191.040512000 -29.16660 -136.77790 -11.14787 0.72099 -0.10044 -0.07193 0.68185
58191.065088000 -29.22673 -137.03139 -11.16311 0.72102 -0.10030 -0.07185 0.68185
58191.089664000 -29.28409 -137.27732 -11.17455 0.72102 -0.10040 -0.07166 0.68185
58191.114240000 -29.34602 -137.53345 -11.18941 0.72115 -0.10039 -0.07152 0.68172
58191.138816000 -29.40318 -137.77908 -11.20136 0.72122 -0.10024 -0.07157 0.68167
58191.163392000 -29.46072 -138.02496 -11.21264 0.72118 -0.10022 -0.07155 0.68171
58191.192064000 -29.52717 -138.31308 -11.22672 0.72110 -0.09998 -0.07173 0.68182
58191.216640000 -29.58970 -138.56919 -11.24167 0.72113 -0.10018 -0.07134 0.68179
58191.241216000 -29.64488 -138.81835 -11.24911 0.72102 -0.10019 -0.07146 0.68190
58191.265792000 -29.70265 -139.06437 -11.26121 0.72096 -0.10016 -0.07141 0.68197
58191.290368000 -29.75980 -139.30985 -11.27499 0.72084 -0.09997 -0.07156 0.68211
58191.314944000 -29.81716 -139.55533 -11.28644 0.72077 -0.09963 -0.07189 0.68220
58191.339520000 -29.88029 -139.80975 -11.30400 0.72068 -0.09964 -0.07154 0.68233
58191.364096000 -29.94292 -140.06677 -11.31986 0.72064 -0.09971 -0.07100 0.68242
58191.388672000 -30.00428 -140.32330 -11.33627 0.72054 -0.09973 -0.07079 0.68254
58191.413248000 -30.06500 -140.57690 -11.35293 0.72042 -0.09988 -0.07046 0.68268
58191.441920000 -30.13509 -140.86867 -11.37030 0.72023 -0.09976 -0.07039 0.68291
58191.466496000 -30.19461 -141.12041 -11.38457 0.72012 -0.09989 -0.07024 0.68302
58191.491072000 -30.25195 -141.36878 -11.39605 0.71997 -0.09989 -0.07014 0.68319
58191.515648000 -30.30911 -141.61564 -11.40768 0.71983 -0.09983 -0.07005 0.68336
58191.540224000 -30.36701 -141.86317 -11.41885 0.71973 -0.09968 -0.07011 0.68348
58191.564800000 -30.42562 -142.11314 -11.43048 0.71968 -0.09979 -0.06990 0.68353
58191.589376000 -30.48270 -142.36043 -11.44273 0.71961 -0.09962 -0.07011 0.68361
58191.613952000 -30.53971 -142.60775 -11.45381 0.71955 -0.09961 -0.07010 0.68368
58191.638528000 -30.59688 -142.85554 -11.46469 0.71948 -0.09946 -0.07021 0.68376
58191.667200000 -30.66518 -143.14851 -11.47640 0.71943 -0.09945 -0.06985 0.68386
58191.691776000 -30.72154 -143.40217 -11.48721 0.71948 -0.09937 -0.07006 0.68379
58191.716352000 -30.77912 -143.65139 -11.49937 0.71945 -0.09914 -0.07039 0.68382
58191.740928000 -30.83585 -143.89902 -11.51172 0.71951 -0.09910 -0.07026 0.68377
58191.765504000 -30.89324 -144.15197 -11.52556 0.71965 -0.09907 -0.07017 0.68364
58191.790080000 -30.95117 -144.40040 -11.53612 0.71954 -0.09888 -0.07036 0.68376
58191.814656000 -31.00847 -144.64818 -11.54744 0.71958 -0.09931 -0.06985 0.68371
58191.839232000 -31.06695 -144.89456 -11.55855 0.71956 -0.09932 -0.06990 0.68373
58191.863808000 -31.12536 -145.14738 -11.57087 0.71962 -0.09915 -0.07022 0.68365
58191.888384000 -31.18139 -145.39671 -11.57997 0.71954 -0.09912 -0.07020 0.68375
58191.917056000 -31.24775 -145.68375 -11.59186 0.71949 -0.09898 -0.07051 0.68379
58191.941632000 -31.30303 -145.93323 -11.60390 0.71944 -0.09876 -0.07082 0.68384
58191.966208000 -31.36084 -146.19047 -11.61632 0.71950 -0.09845 -0.07109 0.68380
58191.990784000 -31.41727 -146.43877 -11.62692 0.71936 -0.09860 -0.07123 0.68391
58192.015360000 -31.47251 -146.69000 -11.64050 0.71934 -0.09887 -0.07105 0.68391
58192.039936000 -31.53004 -146.94029 -11.65173 0.71935 -0.09880 -0.07121 0.68389
58192.064512000 -31.58823 -147.18791 -11.66451 0.71931 -0.09888 -0.07125 0.68392
58192.089088000 -31.64221 -147.44362 -11.68362 0.71950 -0.09917 -0.07120 0.68368
58192.113664000 -31.69915 -147.69104 -11.69488 0.71952 -0.09884 -0.07144 0.68368
58192.138240000 -31.75735 -147.94335 -11.71142 0.71964 -0.09894 -0.07133 0.68355
58192.166912000 -31.82535 -148.22799 -11.71949 0.71957 -0.09920 -0.07104 0.68362
58192.191488000 -31.88639 -148.48436 -11.72992 0.71946 -0.09938 -0.07098 0.68371
58192.216064000 -31.94264 -148.73396 -11.74289 0.71939 -0.09958 -0.07092 0.68376
58192.240640000 -31.99939 -148.98119 -11.75485 0.71944 -0.09973 -0.07101 0.68368
58192.265216000 -32.05549 -149.23078 -11.76757 0.71943 -0.09961 -0.07129 0.68368
58192.289792000 -32.11061 -149.48157 -11.77722 0.71939 -0.09943 -0.07163 0.68372
58192.314368000 -32.16647 -149.73130 -11.78638 0.71919 -0.09942 -0.07163 0.68392
58192.338944000 -32.22132 -149.99835 -11.80399 0.71929 -0.09913 -0.07194 0.68382
58192.363520000 -32.28113 -150.23828 -11.81427 0.71914 -0.09905 -0.07183 0.68401
58192.392192000 -32.35063 -150.53116 -11.83599 0.71912 -0.09894 -0.07218 0.68401
58192.416768000 -32.40817 -150.79252 -11.84544 0.71911 -0.09891 -0.07215 0.68403
58192.441344000 -32.46483 -151.05034 -11.85770 0.71910 -0.09872 -0.07240 0.68403
58192.465920000 -32.52234 -151.30610 -11.87020 0.71907 -0.09853 -0.07262 0.68407
58192.490496000 -32.58062 -151.55760 -11.88331 0.71902 -0.09840 -0.07269 0.68414
58192.515072000 -32.63860 -151.81130 -11.89408 0.71913 -0.09862 -0.07245 0.68401
58192.539648000 -32.69778 -152.06694 -11.90517 0.71914 -0.09899 -0.07214 0.68398
58192.564224000 -32.75538 -152.31844 -11.91731 0.71915 -0.09904 -0.07221 0.68395
58192.588800000 -32.81406 -152.57511 -11.92880 0.71926 -0.09926 -0.07205 0.68383
58192.613376000 -32.87204 -152.82731 -11.94095 0.71930 -0.09927 -0.07211 0.68378
58192.642048000 -32.94150 -153.12929 -11.95449 0.71953 -0.09936 -0.07194 0.68354
58192.666624000 -33.00099 -153.38448 -11.96799 0.71979 -0.09956 -0.07182 0.68325
58192.691200000 -33.05860 -153.63878 -11.98022 0.71987 -0.09952 -0.07199 0.68315
58192.715776000 -33.11904 -153.89713 -11.99378 0.71991 -0.09951 -0.07204 0.68311
58192.740352000 -33.17847 -154.14722 -12.00517 0.71988 -0.09969 -0.07203 0.68311
58192.764928000 -33.23975 -154.40426 -12.01938 0.71976 -0.09963 -0.07231 0.68322
58192.789504000 -33.29845 -154.65717 -12.03118 0.71967 -0.09967 -0.07236 0.68331
58192.814080000 -33.35722 -154.91907 -12.04553 0.71960 -0.09946 -0.07276 0.68337
58192.838656000 -33.41827 -155.17020 -12.05644 0.71943 -0.09950 -0.07252 0.68357
58192.863232000 -33.47690 -155.42392 -12.06790 0.71935 -0.09955 -0.07248 0.68365
58192.891904000 -33.54800 -155.72296 -12.08370 0.71941 -0.09958 -0.07221 0.68361
58192.916480000 -33.60870 -155.97844 -12.09728 0.71936 -0.09961 -0.07217 0.68366
58192.941056000 -33.67067 -156.23376 -12.11075 0.71941 -0.09981 -0.07196 0.68360
58192.965632000 -33.73011 -156.48850 -12.12261 0.71950 -0.09980 -0.07208 0.68350
58192.990208000 -33.78988 -156.74731 -12.13606 0.71948 -0.09974 -0.07217 0.68351
58193.014784000 -33.84852 -157.00452 -12.14724 0.71959 -0.09957 -0.07230 0.68341
58193.039360000 -33.90656 -157.25847 -12.15870 0.71965 -0.09955 -0.07234 0.68335
58193.063936000 -33.96467 -157.51254 -12.16950 0.71969 -0.09954 -0.07249 0.68329
58193.088512000 -34.02294 -157.76506 -12.17988 0.71958 -0.09964 -0.07247 0.68339
58193.117184000 -34.09110 -158.06310 -12.19037 0.71941 -0.09942 -0.07261 0.68359
58193.141760000 -34.14931 -158.31473 -12.20096 0.71930 -0.09978 -0.07245 0.68367
58193.166336000 -34.20692 -158.56829 -12.21238 0.71924 -0.09950 -0.07259 0.68376
58193.190912000 -34.26421 -158.82054 -12.22368 0.71910 -0.09932 -0.07257 0.68393
58193.215488000 -34.32201 -159.07228 -12.23446 0.71892 -0.09915 -0.07261 0.68414
58193.240064000 -34.37948 -159.32461 -12.24561 0.71875 -0.09895 -0.07261 0.68435
58193.264640000 -34.43710 -159.57600 -12.25524 0.71852 -0.09884 -0.07270 0.68459
58193.289216000 -34.49438 -159.82729 -12.26574 0.71845 -0.09885 -0.07267 0.68468
58193.313792000 -34.55205 -160.07915 -12.27622 0.71837 -0.09875 -0.07266 0.68477
58193.338368000 -34.61004 -160.33026 -12.28763 0.71848 -0.09893 -0.07266 0.68463
58193.367040000 -34.67662 -160.62411 -12.30023 0.71847 -0.09892 -0.07261 0.68465
58193.391616000 -34.73387 -160.87688 -12.31203 0.71844 -0.09865 -0.07276 0.68471
58193.416192000 -34.79114 -161.13011 -12.32328 0.71846 -0.09860 -0.07281 0.68469
58193.440768000 -34.84864 -161.38289 -12.33527 0.71858 -0.09849 -0.07276 0.68458
58193.465344000 -34.90554 -161.63645 -12.35188 0.71893 -0.09793 -0.07309 0.68425
58193.489920000 -34.96296 -161.88748 -12.35817 0.71847 -0.09824 -0.07251 0.68476
58193.514496000 -35.01997 -162.13900 -12.37018 0.71845 -0.09821 -0.07242 0.68480
58193.539072000 -35.07661 -162.39026 -12.38094 0.71835 -0.09801 -0.07239 0.68493
58193.563648000 -35.13322 -162.64200 -12.39167 0.71824 -0.09772 -0.07253 0.68507
58193.592320000 -35.19898 -162.93443 -12.40431 0.71813 -0.09767 -0.07231 0.68521
58193.616896000 -35.25579 -163.18525 -12.41528 0.71817 -0.09766 -0.07235 0.68518
58193.641472000 -35.31270 -163.43609 -12.42546 0.71809 -0.09786 -0.07211 0.68525
58193.666048000 -35.36838 -163.68910 -12.43397 0.71795 -0.09775 -0.07221 0.68540
58193.690624000 -35.42670 -163.93769 -12.44512 0.71800 -0.09813 -0.07172 0.68534
58193.715200000 -35.48341 -164.18819 -12.45475 0.71806 -0.09824 -0.07156 0.68529
58193.739776000 -35.53900 -164.43784 -12.46519 0.71815 -0.09817 -0.07142 0.68522
58193.764352000 -35.59530 -164.68804 -12.47538 0.71823 -0.09813 -0.07139 0.68514
58193.788928000 -35.65119 -164.93817 -12.48577 0.71826 -0.09802 -0.07135 0.68513
58193.813504000 -35.70766 -165.18845 -12.49504 0.71821 -0.09800 -0.07130 0.68519
58193.842176000 -35.77246 -165.47747 -12.50705 0.71820 -0.09809 -0.07126 0.68520
58193.866752000 -35.82889 -165.72663 -12.51743 0.71810 -0.09810 -0.07111 0.68531
58193.891328000 -35.88537 -165.97528 -12.52805 0.71809 -0.09823 -0.07082 0.68533
58193.915904000 -35.94190 -166.22378 -12.53897 0.71809 -0.09816 -0.07073 0.68535
58193.940480000 -35.99793 -166.47160 -12.54887 0.71789 -0.09811 -0.07065 0.68558
58193.965056000 -36.05447 -166.71865 -12.55882 0.71787 -0.09828 -0.07031 0.68561
58193.989632000 -36.10905 -166.96548 -12.56802 0.71786 -0.09825 -0.07018 0.68564
58194.014208000 -36.16599 -167.21254 -12.57780 0.71782 -0.09829 -0.07010 0.68568
58194.038784000 -36.22263 -167.45891 -12.58771 0.71792 -0.09822 -0.07017 0.68558
58194.063360000 -36.27915 -167.70563 -12.59689 0.71786 -0.09801 -0.07021 0.68567
58194.092032000 -36.34429 -167.99251 -12.60791 0.71789 -0.09804 -0.07002 0.68565
58194.116608000 -36.40025 -168.23793 -12.61749 0.71789 -0.09796 -0.07009 0.68565
58194.141184000 -36.45561 -168.48336 -12.62684 0.71780 -0.09796 -0.07016 0.68575
58194.165760000 -36.51090 -168.72831 -12.63624 0.71772 -0.09793 -0.07021 0.68582
58194.190336000 -36.56600 -168.97188 -12.64560 0.71765 -0.09802 -0.07010 0.68590
58194.214912000 -36.62199 -169.21471 -12.65633 0.71758 -0.09802 -0.07017 0.68597
58194.239488000 -36.67811 -169.45823 -12.66607 0.71746 -0.09803 -0.07016 0.68609
58194.264064000 -36.73455 -169.70122 -12.67632 0.71742 -0.09797 -0.07013 0.68614
58194.288640000 -36.79058 -169.94360 -12.68592 0.71724 -0.09812 -0.06968 0.68636
58194.317312000 -36.85478 -170.22575 -12.69785 0.71711 -0.09816 -0.06979 0.68648
58194.341888000 -36.90899 -170.46681 -12.70851 0.71715 -0.09804 -0.06982 0.68645
58194.366464000 -36.96325 -170.70755 -12.71925 0.71725 -0.09782 -0.07002 0.68636
58194.391040000 -37.01786 -170.94787 -12.72965 0.71723 -0.09789 -0.07007 0.68636
58194.415616000 -37.07300 -171.18773 -12.73997 0.71733 -0.09811 -0.07005 0.68623
58194.440192000 -37.12786 -171.42639 -12.74976 0.71742 -0.09835 -0.06982 0.68612
58194.464768000 -37.18321 -171.66481 -12.75902 0.71755 -0.09865 -0.06952 0.68597
58194.489344000 -37.23733 -171.90180 -12.76858 0.71783 -0.09874 -0.06945 0.68567
58194.513920000 -37.29199 -172.13910 -12.77728 0.71795 -0.09874 -0.06939 0.68556
58194.538496000 -37.34721 -172.37498 -12.78570 0.71809 -0.09881 -0.06948 0.68539
58194.567168000 -37.40961 -172.64747 -12.79707 0.71819 -0.09895 -0.06945 0.68526
58194.591744000 -37.46321 -172.88105 -12.80632 0.71826 -0.09905 -0.06938 0.68518
58194.616320000 -37.51670 -173.11395 -12.81545 0.71825 -0.09940 -0.06938 0.68514
58194.640896000 -37.57256 -173.34559 -12.82312 0.71816 -0.09961 -0.06922 0.68522
58194.665472000 -37.62775 -173.57836 -12.83034 0.71792 -0.09988 -0.06903 0.68546
58194.690048000 -37.67928 -173.80956 -12.84045 0.71792 -0.09997 -0.06904 0.68544
58194.714624000 -37.73292 -174.04168 -12.84804 0.71771 -0.10009 -0.06888 0.68566
58194.739200000 -37.78609 -174.27319 -12.85573 0.71760 -0.10005 -0.06883 0.68579
58194.763776000 -37.83903 -174.50311 -12.86385 0.71743 -0.10031 -0.06868 0.68594
58194.788352000 -37.89140 -174.73106 -12.87273 0.71748 -0.10060 -0.06857 0.68586
58194.817024000 -37.95258 -174.99876 -12.88292 0.71743 -0.10053 -0.06869 0.68591
58194.841600000 -38.00449 -175.22488 -12.89228 0.71757 -0.10069 -0.06874 0.68573
58194.866176000 -38.05628 -175.45073 -12.90156 0.71761 -0.10084 -0.06884 0.68566
58194.890752000 -38.10793 -175.67673 -12.91029 0.71761 -0.10063 -0.06897 0.68567
58194.915328000 -38.15845 -175.90066 -12.91890 0.71760 -0.10073 -0.06904 0.68567
58194.939904000 -38.20895 -176.12408 -12.92760 0.71763 -0.10073 -0.06913 0.68563
58194.964480000 -38.26000 -176.34669 -12.93639 0.71764 -0.10074 -0.06909 0.68561
58194.989056000 -38.31060 -176.56869 -12.94505 0.71770 -0.10078 -0.06922 0.68554
58195.013632000 -38.36119 -176.79312 -12.95592 0.71774 -0.10052 -0.06964 0.68549
58195.042304000 -38.42060 -177.04905 -12.96516 0.71759 -0.10064 -0.06963 0.68563
58195.066880000 -38.47101 -177.27332 -12.97552 0.71748 -0.10067 -0.06976 0.68573
58195.091456000 -38.52060 -177.49170 -12.98397 0.71736 -0.10072 -0.06980 0.68584
58195.116032000 -38.56995 -177.70875 -12.99192 0.71718 -0.10068 -0.06997 0.68602
58195.140608000 -38.62004 -177.92753 -12.99926 0.71697 -0.10062 -0.07014 0.68623
58195.165184000 -38.66962 -178.14404 -13.00763 0.71674 -0.10093 -0.06984 0.68645
58195.189760000 -38.71987 -178.36591 -13.01580 0.71644 -0.10082 -0.07005 0.68677
58195.214336000 -38.77075 -178.58292 -13.02484 0.71630 -0.10080 -0.07028 0.68688
58195.238912000 -38.82004 -178.80057 -13.03315 0.71619 -0.10079 -0.07055 0.68698
58195.263488000 -38.86967 -179.01685 -13.04099 0.71610 -0.10098 -0.07045 0.68705
58195.292160000 -38.92613 -179.26935 -13.05060 0.71598 -0.10085 -0.07071 0.68717
58195.316736000 -38.97391 -179.48285 -13.05875 0.71592 -0.10077 -0.07099 0.68721
58195.341312000 -39.02251 -179.69689 -13.06675 0.71586 -0.10073 -0.07120 0.68727
58195.365888000 -39.07136 -179.91137 -13.07444 0.71576 -0.10071 -0.07149 0.68733
58195.390464000 -39.11934 -180.12306 -13.08173 0.71579 -0.10069 -0.07154 0.68730
58195.415040000 -39.16769 -180.33708 -13.08829 0.71576 -0.10062 -0.07171 0.68733
58195.439616000 -39.21528 -180.54813 -13.09537 0.71578 -0.10102 -0.07154 0.68727
58195.464192000 -39.26384 -180.76136 -13.10123 0.71573 -0.10115 -0.07156 0.68730
58195.488768000 -39.31101 -180.97058 -13.10879 0.71570 -0.10135 -0.07161 0.68730
58195.513344000 -39.35839 -181.17944 -13.11672 0.71578 -0.10124 -0.07188 0.68720
58195.542016000 -39.41395 -181.42209 -13.12536 0.71574 -0.10136 -0.07187 0.68722
58195.566592000 -39.46164 -181.62881 -13.13295 0.71569 -0.10145 -0.07196 0.68725
58195.591168000 -39.50788 -181.83412 -13.13969 0.71569 -0.10135 -0.07206 0.68726
58195.615744000 -39.55576 -182.04311 -13.14595 0.71559 -0.10122 -0.07229 0.68736
58195.640320000 -39.60184 -182.24881 -13.15429 0.71559 -0.10154 -0.07222 0.68732
58195.664896000 -39.64874 -182.45369 -13.16085 0.71561 -0.10166 -0.07246 0.68726
58195.689472000 -39.70004 -182.66051 -13.16516 0.71545 -0.10183 -0.07238 0.68741
58195.714048000 -39.74561 -182.86322 -13.17340 0.71551 -0.10180 -0.07251 0.68733
58195.738624000 -39.79143 -183.06677 -13.18144 0.71556 -0.10200 -0.07258 0.68724
58195.767296000 -39.84503 -183.30395 -13.18967 0.71560 -0.10199 -0.07274 0.68718
58195.791872000 -39.89327 -183.50335 -13.19600 0.71561 -0.10213 -0.07286 0.68714
58195.804160000 -39.91544 -183.60423 -13.19966 0.71567 -0.10223 -0.07292 0.68706
