1518196796.890055418 -0.02999 -0.01249 0.01560 -0.70164 -0.03013 -0.01065 0.71182
1518196796.925073385 -0.04298 -0.01333 0.01440 -0.70393 -0.03120 -0.01101 0.70950
1518196796.960067272 -0.05386 -0.01098 0.01568 -0.70917 -0.03415 -0.01116 0.70412
1518196796.990070343 -0.06780 -0.00745 0.01389 -0.71462 -0.03749 -0.01479 0.69835
1518196797.025070429 -0.08098 -0.00327 0.01290 -0.72077 -0.04189 -0.01814 0.69167
1518196797.060065269 -0.08975 0.00026 0.01105 -0.72671 -0.04569 -0.01931 0.68515
1518196797.090071201 -0.09665 0.00286 0.00966 -0.73170 -0.04939 -0.02040 0.67953
1518196797.125077248 -0.10530 0.00488 0.00802 -0.73692 -0.05358 -0.02212 0.67348
1518196797.160073280 -0.11190 0.00765 0.00583 -0.74271 -0.05814 -0.02313 0.66668
1518196797.190077305 -0.11605 0.01010 0.00464 -0.74900 -0.06218 -0.02328 0.65924
1518196797.225058317 -0.12047 0.01314 0.00234 -0.75265 -0.06726 -0.02386 0.65454
1518196797.260061264 -0.12580 0.01642 -0.00034 -0.75391 -0.07373 -0.02693 0.65227
1518196797.290054321 -0.13170 0.01833 -0.00251 -0.75433 -0.07828 -0.03037 0.65110
1518196797.325040340 -0.13687 0.02127 -0.00544 -0.75352 -0.08138 -0.03231 0.65157
1518196797.360037327 -0.14108 0.02252 -0.00762 -0.75267 -0.08220 -0.03152 0.65249
1518196797.390071392 -0.14442 0.02407 -0.00876 -0.75163 -0.08309 -0.03084 0.65361
1518196797.425042391 -0.14815 0.02661 -0.00889 -0.75163 -0.08382 -0.03071 0.65352
1518196797.460046291 -0.14883 0.02777 -0.00855 -0.75291 -0.08426 -0.02838 0.65210
1518196797.490066290 -0.14767 0.02915 -0.00927 -0.75393 -0.08473 -0.02540 0.65097
1518196797.525038242 -0.14768 0.03149 -0.00789 -0.75589 -0.08587 -0.02462 0.64858
1518196797.559756279 -0.14554 0.03164 -0.00835 -0.75679 -0.08548 -0.02264 0.64765
1518196797.589980364 -0.14740 0.03289 -0.00749 -0.75623 -0.08610 -0.02325 0.64820
1518196797.625028372 -0.14115 0.03217 -0.00876 -0.75746 -0.08432 -0.01916 0.64713
1518196797.660090208 -0.13655 0.03117 -0.00940 -0.75935 -0.08090 -0.01567 0.64545
1518196797.690088272 -0.13158 0.02925 -0.01118 -0.76140 -0.07554 -0.01126 0.64376
1518196797.725089312 -0.12301 0.02653 -0.01235 -0.76533 -0.06779 -0.00643 0.64003
1518196797.760088205 -0.11211 0.02255 -0.01254 -0.77068 -0.05824 -0.00015 0.63455
1518196797.790078402 -0.10257 0.01943 -0.01281 -0.77517 -0.04926 0.00540 0.62981
1518196797.825093269 -0.09146 0.01859 -0.01201 -0.78084 -0.04064 0.00925 0.62333
1518196797.860092402 -0.07909 0.01628 -0.01241 -0.78407 -0.03356 0.01121 0.61966
1518196797.890087366 -0.06792 0.01441 -0.01348 -0.78563 -0.02973 0.01073 0.61789
1518196797.925077200 -0.05551 0.01261 -0.01483 -0.78620 -0.02775 0.00847 0.61729
1518196797.960096359 -0.04187 0.01062 -0.01541 -0.78667 -0.02700 0.00561 0.61676
1518196797.990097284 -0.02789 0.00646 -0.01607 -0.78652 -0.02772 0.00349 0.61693
1518196798.025089264 -0.01502 0.00213 -0.01569 -0.78679 -0.02712 0.00155 0.61662
1518196798.060099363 -0.00180 -0.00240 -0.01497 -0.78737 -0.02489 0.00032 0.61597
1518196798.090089321 0.00929 -0.00646 -0.01419 -0.78767 -0.02207 -0.00096 0.61570
1518196798.125099421 0.02313 -0.01118 -0.01409 -0.78661 -0.01963 -0.00386 0.61712
1518196798.160094261 0.03942 -0.01649 -0.01361 -0.78517 -0.01742 -0.00685 0.61900
1518196798.190097332 0.05458 -0.02099 -0.01203 -0.78469 -0.01510 -0.00828 0.61965
1518196798.225096226 0.07135 -0.02623 -0.01068 -0.78362 -0.01286 -0.00984 0.62103
1518196798.260103226 0.08898 -0.03138 -0.00835 -0.78322 -0.01058 -0.00972 0.62158
1518196798.290101290 0.10272 -0.03560 -0.00602 -0.78318 -0.00836 -0.00925 0.62167
1518196798.325098276 0.11775 -0.03953 -0.00379 -0.78324 -0.00676 -0.01015 0.62160
1518196798.360098362 0.13270 -0.04361 -0.00249 -0.78185 -0.00662 -0.01300 0.62330
1518196798.390100241 0.14555 -0.04720 -0.00138 -0.78052 -0.00773 -0.01644 0.62487
1518196798.425104380 0.15877 -0.05076 0.00054 -0.78016 -0.00874 -0.02038 0.62518
1518196798.460101366 0.17084 -0.05441 0.00275 -0.78011 -0.00914 -0.02424 0.62510
1518196798.490106344 0.17985 -0.05747 0.00547 -0.78195 -0.01091 -0.02956 0.62254
1518196798.525106430 0.19091 -0.06102 0.00739 -0.78237 -0.01236 -0.03364 0.62178
1518196798.560110331 0.20081 -0.06455 0.00875 -0.78257 -0.01314 -0.03756 0.62129
1518196798.590100288 0.21062 -0.06545 0.01055 -0.78289 -0.01275 -0.03867 0.62083
1518196798.625104427 0.21812 -0.06680 0.01128 -0.78360 -0.01243 -0.04058 0.61982
1518196798.660111427 0.22695 -0.06686 0.01218 -0.78426 -0.01145 -0.04107 0.61897
1518196798.690112352 0.23313 -0.06677 0.01246 -0.78449 -0.01035 -0.04223 0.61862
1518196798.705123425 0.23399 -0.06694 0.00935 -0.78303 -0.00856 -0.04273 0.62046
1518196798.760107279 0.24183 -0.06517 0.01055 -0.78410 -0.00669 -0.04390 0.61904
1518196798.790108204 0.24338 -0.06403 0.00812 -0.78347 -0.00550 -0.04303 0.61992
1518196798.825101376 0.24418 -0.06297 0.00701 -0.78331 -0.00586 -0.04158 0.62021
1518196798.860104322 0.24214 -0.06239 0.00552 -0.78338 -0.00640 -0.04063 0.62018
1518196798.890054226 0.23999 -0.06279 0.00484 -0.78397 -0.00781 -0.04055 0.61943
1518196798.925100327 0.23779 -0.06151 0.00334 -0.78344 -0.00736 -0.03981 0.62015
1518196798.960119247 0.23357 -0.06077 0.00181 -0.78332 -0.00785 -0.03924 0.62033
1518196798.990119219 0.22789 -0.06041 0.00120 -0.78351 -0.00878 -0.03876 0.62011
1518196799.025104284 0.22033 -0.05961 0.00052 -0.78396 -0.01010 -0.03807 0.61955
1518196799.060117245 0.21088 -0.05847 -0.00014 -0.78524 -0.01170 -0.03809 0.61791
1518196799.090116262 0.20143 -0.05658 -0.00047 -0.78649 -0.01260 -0.03784 0.61631
1518196799.125115395 0.18909 -0.05329 -0.00140 -0.78822 -0.01360 -0.03743 0.61411
1518196799.160122395 0.17611 -0.04995 -0.00158 -0.79134 -0.01468 -0.03748 0.61006
1518196799.190122366 0.16490 -0.04560 -0.00256 -0.79268 -0.01474 -0.03579 0.60841
1518196799.210117340 0.15929 -0.04190 -0.00263 -0.79333 -0.01394 -0.03241 0.60777
1518196799.260125399 0.14260 -0.03514 -0.00300 -0.79482 -0.01284 -0.02752 0.60609
1518196799.290106297 0.13201 -0.02959 -0.00307 -0.79583 -0.01148 -0.02310 0.60497
1518196799.325127363 0.12009 -0.02401 -0.00387 -0.79680 -0.01072 -0.01880 0.60386
1518196799.355132341 0.10821 -0.01971 -0.00588 -0.79670 -0.00995 -0.01516 0.60410
1518196799.390128374 0.09458 -0.01469 -0.00641 -0.79818 -0.01066 -0.01232 0.60220
1518196799.425127268 0.08156 -0.01050 -0.00778 -0.79907 -0.01144 -0.00971 0.60106
1518196799.455140352 0.07024 -0.00654 -0.00844 -0.79998 -0.01235 -0.00762 0.59985
1518196799.490126371 0.05576 -0.00242 -0.00930 -0.80155 -0.01366 -0.00632 0.59774
1518196799.525126219 0.04252 0.00251 -0.00983 -0.80253 -0.01533 -0.00431 0.59640
1518196799.560123205 0.03003 0.00704 -0.01009 -0.80319 -0.01746 -0.00229 0.59546
1518196799.590127230 0.01901 0.00987 -0.00982 -0.80408 -0.01963 -0.00053 0.59420
1518196799.625134230 0.00595 0.01322 -0.00929 -0.80461 -0.02180 0.00108 0.59340
1518196799.660126209 -0.00790 0.01533 -0.00922 -0.80445 -0.02459 0.00197 0.59351
1518196799.690129280 -0.01937 0.01761 -0.00843 -0.80426 -0.02697 0.00307 0.59366
1518196799.725137234 -0.03232 0.01947 -0.00783 -0.80326 -0.02979 0.00374 0.59487
1518196799.760138273 -0.04538 0.02072 -0.00779 -0.80174 -0.03233 0.00410 0.59679
1518196799.790136337 -0.05477 0.02199 -0.00800 -0.80019 -0.03481 0.00471 0.59871
1518196799.825135231 -0.06545 0.02408 -0.00814 -0.79907 -0.03760 0.00542 0.60004
1518196799.860132217 -0.07613 0.02480 -0.00853 -0.79738 -0.03972 0.00637 0.60214
1518196799.890139341 -0.08356 0.02683 -0.00848 -0.79700 -0.04140 0.00793 0.60251
1518196799.925135374 -0.09173 0.02794 -0.00906 -0.79597 -0.04329 0.01018 0.60371
1518196799.950150251 -0.09771 0.02854 -0.00930 -0.79531 -0.04468 0.01223 0.60443
1518196799.990118265 -0.10612 0.02904 -0.00933 -0.79455 -0.04597 0.01578 0.60525
1518196800.025139332 -0.11319 0.02899 -0.00859 -0.79391 -0.04586 0.01984 0.60598
1518196800.060130358 -0.11996 0.02825 -0.00745 -0.79299 -0.04554 0.02416 0.60705
1518196800.090133429 -0.12503 0.02768 -0.00741 -0.79184 -0.04598 0.02709 0.60839
1518196800.125122309 -0.13135 0.02738 -0.00644 -0.79100 -0.04551 0.02989 0.60938
1518196800.160136223 -0.13747 0.02720 -0.00663 -0.79001 -0.04543 0.03097 0.61062
1518196800.190132380 -0.14227 0.02645 -0.00610 -0.78926 -0.04416 0.03261 0.61160
1518196800.225127220 -0.14753 0.02430 -0.00441 -0.78817 -0.04172 0.03544 0.61302
1518196800.259931326 -0.15207 0.02206 -0.00138 -0.78709 -0.03852 0.03912 0.61439
1518196800.290105343 -0.15602 0.01935 0.00080 -0.78567 -0.03533 0.04223 0.61619
1518196800.325144291 -0.15806 0.01689 0.00339 -0.78539 -0.03329 0.04552 0.61643
1518196800.360081434 -0.15848 0.01341 0.00594 -0.78506 -0.03162 0.04957 0.61662
1518196800.390044212 -0.15808 0.01100 0.00979 -0.78488 -0.02963 0.05373 0.61661
1518196800.425141335 -0.15584 0.00728 0.01283 -0.78472 -0.02767 0.05743 0.61657
1518196800.460144281 -0.15187 0.00341 0.01519 -0.78479 -0.02680 0.06013 0.61626
1518196800.490139246 -0.14754 -0.00017 0.01675 -0.78454 -0.02566 0.06233 0.61640
1518196800.525153399 -0.14136 -0.00408 0.01804 -0.78434 -0.02437 0.06365 0.61658
1518196800.560156345 -0.13425 -0.00741 0.01913 -0.78410 -0.02238 0.06398 0.61693
1518196800.590139389 -0.12751 -0.01027 0.01984 -0.78409 -0.02042 0.06374 0.61703
1518196800.625152349 -0.11738 -0.01466 0.01940 -0.78455 -0.01821 0.06242 0.61664
1518196800.660141230 -0.10548 -0.01688 0.01899 -0.78618 -0.01608 0.05944 0.61492
1518196800.690159321 -0.09435 -0.01738 0.01802 -0.78803 -0.01542 0.05538 0.61295
1518196800.725157261 -0.08014 -0.01747 0.01743 -0.79030 -0.01400 0.05120 0.61042
1518196800.760147333 -0.06531 -0.01877 0.01558 -0.79202 -0.01311 0.04621 0.60861
1518196800.790149212 -0.05111 -0.02032 0.01394 -0.79350 -0.01220 0.04249 0.60697
1518196800.825162411 -0.03479 -0.02184 0.01261 -0.79485 -0.01052 0.03856 0.60549
1518196800.860160351 -0.01716 -0.02466 0.01124 -0.79570 -0.00795 0.03563 0.60459
1518196800.890160322 -0.00128 -0.02599 0.01051 -0.79682 -0.00621 0.03249 0.60332
1518196800.925161362 0.01741 -0.02740 0.01032 -0.79801 -0.00381 0.02953 0.60191
1518196800.960161209 0.03615 -0.02972 0.00914 -0.79848 -0.00205 0.02633 0.60144
1518196800.990163326 0.05361 -0.03261 0.00879 -0.79880 0.00027 0.02468 0.60109
1518196801.025164366 0.07236 -0.03549 0.00719 -0.79855 0.00221 0.02149 0.60154
1518196801.060158253 0.09116 -0.03901 0.00556 -0.79803 0.00431 0.01855 0.60232
1518196801.090157270 0.10802 -0.04127 0.00497 -0.79805 0.00660 0.01642 0.60233
1518196801.115167379 0.12220 -0.04337 0.00379 -0.79770 0.00831 0.01405 0.60284
1518196801.160168409 0.14519 -0.04677 0.00194 -0.79706 0.01060 0.01030 0.60372
1518196801.190168381 0.16015 -0.04885 0.00116 -0.79683 0.01218 0.00762 0.60404
1518196801.225171328 0.17686 -0.05065 0.00073 -0.79679 0.01406 0.00481 0.60407
1518196801.260159254 0.19310 -0.05295 0.00046 -0.79658 0.01491 0.00180 0.60434
1518196801.290159225 0.20595 -0.05477 0.00024 -0.79631 0.01551 -0.00039 0.60470
1518196801.325170279 0.21906 -0.05686 0.00062 -0.79614 0.01573 -0.00313 0.60490
1518196801.360172272 0.23096 -0.05896 0.00095 -0.79618 0.01590 -0.00662 0.60482
1518196801.390171289 0.24028 -0.06020 0.00091 -0.79589 0.01625 -0.01002 0.60514
1518196801.425174236 0.24964 -0.06227 0.00150 -0.79565 0.01626 -0.01410 0.60537
1518196801.460167408 0.25779 -0.06372 0.00204 -0.79580 0.01663 -0.01849 0.60505
1518196801.490174294 0.26357 -0.06527 0.00225 -0.79565 0.01672 -0.02270 0.60510
1518196801.525178432 0.26946 -0.06669 0.00222 -0.79542 0.01679 -0.02655 0.60525
1518196801.560178280 0.27297 -0.06772 0.00197 -0.79551 0.01696 -0.03034 0.60495
1518196801.590179205 0.27595 -0.06894 0.00228 -0.79548 0.01736 -0.03303 0.60483
1518196801.625177383 0.27464 -0.06961 0.00184 -0.79589 0.01766 -0.03660 0.60407
1518196801.660111427 0.27472 -0.06966 0.00123 -0.79600 0.01808 -0.03784 0.60384
1518196801.690044403 0.27085 -0.06972 0.00062 -0.79651 0.01792 -0.03893 0.60310
1518196801.725182295 0.26652 -0.06990 -0.00083 -0.79680 0.01723 -0.03834 0.60278
1518196801.760174274 0.26104 -0.06924 -0.00244 -0.79714 0.01627 -0.03610 0.60249
1518196801.790182352 0.25611 -0.06878 -0.00339 -0.79728 0.01514 -0.03314 0.60251
1518196801.825172424 0.24907 -0.06807 -0.00367 -0.79708 0.01351 -0.03005 0.60298
1518196801.860177279 0.23871 -0.06662 -0.00407 -0.79819 0.01124 -0.02733 0.60168
1518196801.890169382 0.22884 -0.06513 -0.00365 -0.79945 0.00948 -0.02463 0.60016
1518196801.925175428 0.21542 -0.06425 -0.00414 -0.80105 0.00667 -0.02276 0.59813
1518196801.955189228 0.20312 -0.06215 -0.00438 -0.80287 0.00435 -0.02102 0.59577
1518196801.990187407 0.18778 -0.05952 -0.00508 -0.80458 0.00175 -0.01896 0.59354
1518196802.025184393 0.17186 -0.05827 -0.00557 -0.80661 -0.00178 -0.01705 0.59083
1518196802.055200338 0.15792 -0.05646 -0.00579 -0.80833 -0.00465 -0.01482 0.58852
1518196802.090184212 0.14012 -0.05345 -0.00641 -0.81000 -0.00733 -0.01132 0.58627
1518196802.125165224 0.12271 -0.05066 -0.00755 -0.81145 -0.00999 -0.00734 0.58429
1518196802.155200243 0.10816 -0.04795 -0.00941 -0.81210 -0.01232 -0.00385 0.58337
1518196802.190188408 0.09273 -0.04563 -0.01091 -0.81268 -0.01509 0.00054 0.58251
1518196802.225190401 0.07661 -0.04327 -0.01251 -0.81333 -0.01807 0.00402 0.58151
1518196802.260195255 0.06073 -0.04043 -0.01380 -0.81407 -0.02082 0.00713 0.58036
1518196802.290186405 0.04721 -0.03831 -0.01494 -0.81466 -0.02343 0.00937 0.57940
1518196802.325120211 0.03207 -0.03617 -0.01553 -0.81558 -0.02672 0.01187 0.57791
1518196802.355207205 0.01814 -0.03441 -0.01625 -0.81620 -0.03006 0.01361 0.57683
1518196802.390198231 0.00328 -0.03326 -0.01711 -0.81651 -0.03369 0.01627 0.57611
1518196802.425179243 -0.01195 -0.03143 -0.01728 -0.81732 -0.03770 0.01819 0.57467
1518196802.460197210 -0.02727 -0.03056 -0.01776 -0.81746 -0.04112 0.01997 0.57417
1518196802.490185261 -0.03865 -0.02989 -0.01774 -0.81775 -0.04419 0.02192 0.57345
1518196802.525105238 -0.05387 -0.02956 -0.01769 -0.81753 -0.04710 0.02378 0.57346
1518196802.555208206 -0.06728 -0.02881 -0.01792 -0.81720 -0.04958 0.02495 0.57367
1518196802.590186357 -0.08217 -0.02784 -0.01820 -0.81690 -0.05261 0.02588 0.57380
1518196802.625100374 -0.09558 -0.02711 -0.01823 -0.81663 -0.05569 0.02676 0.57385
1518196802.655197382 -0.10765 -0.02646 -0.01858 -0.81604 -0.05831 0.02736 0.57440
1518196802.690203428 -0.12066 -0.02532 -0.01880 -0.81571 -0.06149 0.02835 0.57449
1518196802.725137234 -0.13335 -0.02359 -0.01913 -0.81517 -0.06424 0.02941 0.57490
1518196802.760203362 -0.14465 -0.02326 -0.01928 -0.81472 -0.06697 0.03147 0.57512
1518196802.790200233 -0.15422 -0.02247 -0.01915 -0.81423 -0.06914 0.03349 0.57543
1518196802.825174332 -0.16519 -0.02164 -0.01885 -0.81387 -0.07133 0.03590 0.57554
1518196802.860208273 -0.17603 -0.02122 -0.01842 -0.81339 -0.07358 0.03853 0.57576
1518196802.890208244 -0.18408 -0.02153 -0.01801 -0.81281 -0.07502 0.04180 0.57616
1518196802.925197363 -0.19437 -0.02254 -0.01722 -0.81175 -0.07625 0.04592 0.57718
1518196802.960209370 -0.20431 -0.02412 -0.01583 -0.81069 -0.07764 0.04997 0.57816
1518196802.990211248 -0.21242 -0.02563 -0.01501 -0.80965 -0.07900 0.05339 0.57912
1518196803.025205374 -0.22105 -0.02764 -0.01328 -0.80894 -0.08072 0.05711 0.57952
1518196803.060194254 -0.22878 -0.02996 -0.01202 -0.80831 -0.08260 0.05987 0.57985
1518196803.090209246 -0.23488 -0.03233 -0.01188 -0.80723 -0.08354 0.06208 0.58098
1518196803.125211239 -0.23957 -0.03451 -0.01164 -0.80667 -0.08467 0.06380 0.58142
1518196803.160209417 -0.24173 -0.03612 -0.01104 -0.80657 -0.08610 0.06500 0.58122
1518196803.190214396 -0.24299 -0.03807 -0.01051 -0.80617 -0.08660 0.06572 0.58161
1518196803.225216389 -0.24112 -0.04119 -0.01052 -0.80583 -0.08639 0.06675 0.58199
1518196803.240205288 -0.24017 -0.04268 -0.01088 -0.80542 -0.08604 0.06653 0.58263
1518196803.290214300 -0.23450 -0.04733 -0.01045 -0.80502 -0.08370 0.06502 0.58370
1518196803.325216293 -0.22881 -0.05065 -0.01010 -0.80498 -0.08150 0.06288 0.58430
1518196803.360219240 -0.22171 -0.05547 -0.00981 -0.80473 -0.07902 0.06096 0.58520
1518196803.390221357 -0.21338 -0.05912 -0.00878 -0.80543 -0.07694 0.05816 0.58479
1518196803.425210238 -0.20361 -0.06409 -0.00797 -0.80589 -0.07440 0.05467 0.58483
1518196803.460212231 -0.19309 -0.06903 -0.00709 -0.80641 -0.07187 0.05092 0.58476
1518196803.490194321 -0.18301 -0.07263 -0.00697 -0.80728 -0.06997 0.04719 0.58410
1518196803.525207281 -0.17176 -0.07632 -0.00610 -0.80824 -0.06853 0.04365 0.58322
1518196803.560217381 -0.15982 -0.07952 -0.00527 -0.80920 -0.06797 0.04128 0.58212
1518196803.590202332 -0.14909 -0.08301 -0.00549 -0.80971 -0.06737 0.03970 0.58160
1518196803.625222206 -0.13647 -0.08772 -0.00544 -0.81020 -0.06645 0.03893 0.58108
1518196803.655237436 -0.12597 -0.09098 -0.00541 -0.81060 -0.06533 0.03784 0.58071
1518196803.690226316 -0.11286 -0.09587 -0.00571 -0.81081 -0.06301 0.03691 0.58073
1518196803.725226402 -0.10062 -0.10047 -0.00606 -0.81076 -0.05940 0.03533 0.58128
1518196803.755238295 -0.09021 -0.10344 -0.00552 -0.81080 -0.05585 0.03376 0.58167
1518196803.790217400 -0.07752 -0.10618 -0.00354 -0.81115 -0.05160 0.03220 0.58167
1518196803.825229406 -0.06609 -0.10883 0.00047 -0.81116 -0.04800 0.03061 0.58205
1518196803.855232239 -0.05749 -0.11020 0.00507 -0.81093 -0.04577 0.02849 0.58266
1518196803.890231371 -0.04869 -0.11104 0.01279 -0.81069 -0.04409 0.02543 0.58325
1518196803.925227404 -0.04092 -0.11069 0.02299 -0.81034 -0.04395 0.02291 0.58385
1518196803.955239296 -0.03573 -0.10973 0.03298 -0.80946 -0.04439 0.02065 0.58512
1518196803.990234375 -0.03139 -0.10805 0.04595 -0.80805 -0.04540 0.01780 0.58709
1518196804.025228262 -0.02796 -0.10575 0.06078 -0.80650 -0.04757 0.01535 0.58911
1518196804.055245399 -0.02526 -0.10289 0.07445 -0.80554 -0.04985 0.01424 0.59027
1518196804.090229273 -0.02408 -0.09819 0.09139 -0.80460 -0.05276 0.01169 0.59136
1518196804.125235319 -0.02425 -0.09332 0.10774 -0.80370 -0.05537 0.00908 0.59239
1518196804.155246258 -0.02473 -0.08891 0.12245 -0.80317 -0.05821 0.00682 0.59286
1518196804.190239429 -0.02522 -0.08431 0.13909 -0.80273 -0.06181 0.00478 0.59311
1518196804.225236416 -0.02602 -0.07949 0.15446 -0.80210 -0.06541 0.00303 0.59359
1518196804.255239248 -0.02639 -0.07524 0.16705 -0.80159 -0.06780 0.00230 0.59401
1518196804.290238380 -0.02837 -0.06995 0.18053 -0.80060 -0.07036 0.00086 0.59506
1518196804.325241327 -0.03002 -0.06595 0.19314 -0.79939 -0.07168 -0.00011 0.59653
1518196804.360242367 -0.03254 -0.06249 0.20555 -0.79800 -0.07298 -0.00070 0.59822
1518196804.390244246 -0.03329 -0.05999 0.21527 -0.79646 -0.07303 0.00002 0.60026
1518196804.425243378 -0.03329 -0.05733 0.22531 -0.79448 -0.07281 0.00184 0.60291
1518196804.460245371 -0.03354 -0.05523 0.23547 -0.79234 -0.07226 0.00451 0.60577
1518196804.490244389 -0.03427 -0.05366 0.24384 -0.79058 -0.07125 0.00772 0.60815
1518196804.525244236 -0.03500 -0.05179 0.25199 -0.78882 -0.06970 0.01112 0.61056
1518196804.560244322 -0.03542 -0.05083 0.25835 -0.78707 -0.06751 0.01394 0.61300
1518196804.590235233 -0.03621 -0.05064 0.26237 -0.78556 -0.06542 0.01611 0.61511
1518196804.625239372 -0.03653 -0.05145 0.26546 -0.78403 -0.06302 0.01842 0.61724
1518196804.660228252 -0.03717 -0.05000 0.26774 -0.78363 -0.06080 0.02043 0.61790
1518196804.690184355 -0.03705 -0.05146 0.26625 -0.78252 -0.05917 0.02166 0.61943
1518196804.725221395 -0.03885 -0.05299 0.26288 -0.78171 -0.05690 0.02228 0.62064
1518196804.760230303 -0.04091 -0.05427 0.25767 -0.78153 -0.05442 0.02238 0.62109
1518196804.790253401 -0.04261 -0.05520 0.25140 -0.78169 -0.05224 0.02220 0.62108
1518196804.825251341 -0.04460 -0.05613 0.24302 -0.78229 -0.04971 0.02278 0.62051
1518196804.860229254 -0.04409 -0.05707 0.23425 -0.78339 -0.04701 0.02449 0.61926
1518196804.890255213 -0.04179 -0.05739 0.22655 -0.78472 -0.04424 0.02639 0.61770
1518196804.925250292 -0.04112 -0.05753 0.21681 -0.78668 -0.04082 0.02918 0.61532
1518196804.955266237 -0.04058 -0.05811 0.20791 -0.78869 -0.03764 0.03208 0.61279
1518196804.990252256 -0.03983 -0.05939 0.19680 -0.79100 -0.03362 0.03506 0.60989
1518196805.025257349 -0.03844 -0.06106 0.18536 -0.79305 -0.02951 0.03845 0.60722
1518196805.060253382 -0.03678 -0.06178 0.17213 -0.79517 -0.02619 0.04151 0.60440
1518196805.090253353 -0.03584 -0.06422 0.16043 -0.79627 -0.02391 0.04383 0.60287
1518196805.125259399 -0.03447 -0.06687 0.14642 -0.79696 -0.02137 0.04589 0.60191
1518196805.155270338 -0.03345 -0.07038 0.13354 -0.79692 -0.01970 0.04738 0.60191
1518196805.190258265 -0.03201 -0.07573 0.11765 -0.79608 -0.01830 0.04948 0.60289
1518196805.225261211 -0.03099 -0.08088 0.10161 -0.79498 -0.01695 0.05082 0.60427
1518196805.255263329 -0.03215 -0.08605 0.08829 -0.79366 -0.01626 0.05060 0.60604
1518196805.290257215 -0.03300 -0.09274 0.07259 -0.79214 -0.01597 0.05107 0.60799
1518196805.325256348 -0.03111 -0.09949 0.05651 -0.79061 -0.01538 0.05237 0.60988
1518196805.355267286 -0.02995 -0.10459 0.04279 -0.78954 -0.01465 0.05301 0.61124
1518196805.390266418 -0.02980 -0.11069 0.02653 -0.78841 -0.01498 0.05386 0.61261
1518196805.425267220 -0.02907 -0.11631 0.01102 -0.78793 -0.01571 0.05534 0.61307
1518196805.460265398 -0.02999 -0.12143 -0.00496 -0.78793 -0.01647 0.05564 0.61303
1518196805.490263224 -0.03181 -0.12567 -0.01922 -0.78803 -0.01740 0.05521 0.61291
1518196805.525264263 -0.03386 -0.13016 -0.03559 -0.78850 -0.01855 0.05453 0.61233
1518196805.560265303 -0.03642 -0.13463 -0.05225 -0.78884 -0.01919 0.05289 0.61202
1518196805.590269327 -0.03887 -0.13762 -0.06727 -0.78934 -0.01980 0.05111 0.61150
1518196805.625270367 -0.04229 -0.14179 -0.08547 -0.78978 -0.02135 0.04825 0.61112
1518196805.655267239 -0.04566 -0.14538 -0.10105 -0.78991 -0.02250 0.04528 0.61113
1518196805.690271378 -0.04854 -0.14992 -0.11940 -0.79027 -0.02434 0.04154 0.61086
1518196805.725273371 -0.04983 -0.15407 -0.13678 -0.79036 -0.02563 0.03942 0.61083
1518196805.755284309 -0.05119 -0.15875 -0.15188 -0.79061 -0.02729 0.03736 0.61056
1518196805.790276289 -0.05115 -0.16142 -0.16768 -0.79135 -0.02727 0.03643 0.60967
1518196805.825276375 -0.05069 -0.16419 -0.18318 -0.79226 -0.02710 0.03524 0.60857
1518196805.855285406 -0.05050 -0.16608 -0.19658 -0.79346 -0.02668 0.03441 0.60707
1518196805.890277386 -0.04912 -0.16702 -0.21049 -0.79530 -0.02527 0.03391 0.60474
1518196805.925273418 -0.04693 -0.16664 -0.22351 -0.79751 -0.02388 0.03382 0.60188
1518196805.955252409 -0.04463 -0.16623 -0.23393 -0.79963 -0.02312 0.03476 0.59904
1518196805.990276337 -0.04192 -0.16564 -0.24419 -0.80245 -0.02251 0.03674 0.59516
1518196806.025280237 -0.04084 -0.16523 -0.25365 -0.80564 -0.02232 0.03755 0.59079
1518196806.055285215 -0.03946 -0.16504 -0.26092 -0.80846 -0.02190 0.03859 0.58688
1518196806.090280294 -0.03804 -0.16515 -0.26655 -0.81134 -0.02139 0.03948 0.58284
1518196806.125281334 -0.03724 -0.16577 -0.26943 -0.81397 -0.02080 0.04000 0.57915
1518196806.155282259 -0.03749 -0.16640 -0.26953 -0.81582 -0.02052 0.04032 0.57654
1518196806.190107346 -0.03602 -0.16803 -0.26595 -0.81747 -0.02094 0.04061 0.57416
1518196806.225270271 -0.03695 -0.16990 -0.26055 -0.81830 -0.02165 0.03929 0.57304
1518196806.255294323 -0.03880 -0.17165 -0.25392 -0.81833 -0.02252 0.03807 0.57304
1518196806.290282249 -0.04057 -0.17440 -0.24415 -0.81751 -0.02411 0.03619 0.57427
1518196806.325287342 -0.04206 -0.17787 -0.23212 -0.81587 -0.02584 0.03458 0.57663
1518196806.355294228 -0.04281 -0.18023 -0.22011 -0.81405 -0.02694 0.03366 0.57919
1518196806.390289307 -0.04263 -0.18123 -0.20444 -0.81202 -0.02817 0.03253 0.58204
1518196806.425286293 -0.04187 -0.18237 -0.18742 -0.80976 -0.02910 0.03212 0.58516
1518196806.455299377 -0.04025 -0.18232 -0.17169 -0.80808 -0.02976 0.03215 0.58743
1518196806.490292311 -0.03821 -0.18222 -0.15297 -0.80612 -0.03023 0.03254 0.59009
1518196806.525290251 -0.03674 -0.18116 -0.13415 -0.80437 -0.03108 0.03316 0.59239
1518196806.555293322 -0.03581 -0.17952 -0.11702 -0.80327 -0.03113 0.03350 0.59386
1518196806.590292215 -0.03506 -0.17659 -0.09804 -0.80200 -0.03149 0.03380 0.59553
1518196806.625293255 -0.03395 -0.17465 -0.07764 -0.80138 -0.03222 0.03434 0.59630
1518196806.655304432 -0.03306 -0.17266 -0.06050 -0.80064 -0.03225 0.03502 0.59726
1518196806.690291405 -0.03199 -0.17134 -0.04153 -0.79970 -0.03310 0.03627 0.59839
1518196806.725293398 -0.03203 -0.16980 -0.02369 -0.79849 -0.03404 0.03701 0.59990
1518196806.755304337 -0.03143 -0.16872 -0.00816 -0.79751 -0.03424 0.03747 0.60117
1518196806.790289402 -0.03191 -0.16765 0.00786 -0.79566 -0.03522 0.03675 0.60360
1518196806.825295210 -0.03169 -0.16665 0.02378 -0.79364 -0.03608 0.03662 0.60621
1518196806.855310202 -0.03128 -0.16633 0.03745 -0.79158 -0.03738 0.03746 0.60876
1518196806.890300274 -0.03207 -0.16547 0.05287 -0.78945 -0.03933 0.03817 0.61136
1518196806.925295353 -0.03377 -0.16520 0.06795 -0.78753 -0.04062 0.03810 0.61376
1518196806.955312252 -0.03588 -0.16497 0.08073 -0.78601 -0.04205 0.03786 0.61562
1518196806.990291357 -0.03884 -0.16340 0.09442 -0.78486 -0.04357 0.03704 0.61703
1518196807.025304317 -0.04225 -0.16049 0.10766 -0.78440 -0.04425 0.03569 0.61764
1518196807.055310249 -0.04448 -0.15817 0.11819 -0.78410 -0.04519 0.03465 0.61801
1518196807.090305328 -0.04818 -0.15475 0.12946 -0.78392 -0.04569 0.03340 0.61828
1518196807.125305414 -0.05113 -0.15288 0.13927 -0.78340 -0.04613 0.03383 0.61889
1518196807.155316353 -0.05463 -0.15161 0.14651 -0.78307 -0.04718 0.03433 0.61919
1518196807.190308332 -0.05602 -0.15073 0.15412 -0.78306 -0.04837 0.03646 0.61899
1518196807.225286245 -0.05927 -0.15169 0.15906 -0.78231 -0.05014 0.03853 0.61968
1518196807.255304337 -0.06134 -0.15173 0.16202 -0.78201 -0.05096 0.03977 0.61991
1518196807.290307283 -0.06587 -0.15286 0.16379 -0.78114 -0.05137 0.03971 0.62097
1518196807.325234413 -0.06919 -0.15499 0.16284 -0.78044 -0.05155 0.03956 0.62184
1518196807.355304241 -0.07163 -0.15677 0.15972 -0.77987 -0.05165 0.03945 0.62255
1518196807.390293360 -0.07432 -0.15879 0.15428 -0.77945 -0.05078 0.03908 0.62318
1518196807.425290346 -0.07609 -0.16201 0.14623 -0.77922 -0.04992 0.03942 0.62352
1518196807.455322266 -0.07762 -0.16392 0.13850 -0.77925 -0.04943 0.03973 0.62350
1518196807.490310431 -0.07819 -0.16599 0.12857 -0.77954 -0.04887 0.04078 0.62311
1518196807.525308371 -0.07792 -0.16792 0.11731 -0.78008 -0.04831 0.04228 0.62238
1518196807.555325270 -0.07771 -0.16872 0.10671 -0.78118 -0.04776 0.04353 0.62095
1518196807.590310335 -0.07625 -0.16974 0.09289 -0.78275 -0.04648 0.04534 0.61893
1518196807.625314236 -0.07409 -0.17040 0.07841 -0.78470 -0.04497 0.04757 0.61641
1518196807.655328274 -0.07132 -0.17131 0.06465 -0.78658 -0.04359 0.04979 0.61393
1518196807.690317392 -0.06867 -0.17246 0.04761 -0.78882 -0.04178 0.05245 0.61095
1518196807.725316286 -0.06724 -0.17389 0.02960 -0.79088 -0.03955 0.05411 0.60829
1518196807.755331278 -0.06572 -0.17440 0.01394 -0.79302 -0.03740 0.05557 0.60550
1518196807.790321350 -0.06356 -0.17659 -0.00650 -0.79514 -0.03609 0.05718 0.60264
1518196807.825321436 -0.06302 -0.17814 -0.02773 -0.79738 -0.03509 0.05721 0.59974
1518196807.855326414 -0.06069 -0.18028 -0.04564 -0.79892 -0.03416 0.05747 0.59771
1518196807.890323400 -0.05791 -0.18322 -0.06610 -0.80053 -0.03377 0.05776 0.59555
1518196807.925323248 -0.05733 -0.18631 -0.08553 -0.80189 -0.03412 0.05721 0.59375
1518196807.955335379 -0.05711 -0.18995 -0.10257 -0.80285 -0.03549 0.05597 0.59248
1518196807.990321398 -0.05719 -0.19447 -0.12136 -0.80359 -0.03654 0.05461 0.59154
1518196808.025326252 -0.05850 -0.19853 -0.13936 -0.80416 -0.03720 0.05094 0.59106
1518196808.055336237 -0.05969 -0.20155 -0.15461 -0.80424 -0.03753 0.04697 0.59125
1518196808.090328217 -0.05983 -0.20646 -0.17009 -0.80396 -0.03916 0.04429 0.59174
1518196808.125284433 -0.05972 -0.21240 -0.18438 -0.80282 -0.04121 0.04305 0.59324
1518196808.155337334 -0.05956 -0.21733 -0.19502 -0.80209 -0.04316 0.04286 0.59410
1518196808.190328360 -0.05908 -0.22186 -0.20569 -0.80160 -0.04478 0.04418 0.59454
1518196808.225313425 -0.05906 -0.22487 -0.21355 -0.80160 -0.04590 0.04588 0.59433
1518196808.255342245 -0.05925 -0.22787 -0.21925 -0.80202 -0.04703 0.04793 0.59352
1518196808.290332317 -0.05898 -0.22921 -0.22282 -0.80334 -0.04777 0.05070 0.59143
1518196808.325329304 -0.05799 -0.23010 -0.22491 -0.80479 -0.04814 0.05377 0.58915
1518196808.355321407 -0.05866 -0.22903 -0.22387 -0.80642 -0.04753 0.05613 0.58675
1518196808.390332222 -0.05919 -0.22997 -0.22059 -0.80791 -0.04682 0.05844 0.58453
1518196808.425331354 -0.05948 -0.23086 -0.21473 -0.80892 -0.04600 0.05941 0.58310
1518196808.460329294 -0.05960 -0.23313 -0.20711 -0.80911 -0.04587 0.05924 0.58287
1518196808.490324259 -0.06007 -0.23449 -0.19820 -0.80887 -0.04593 0.05844 0.58327
1518196808.525332212 -0.06144 -0.23673 -0.18657 -0.80781 -0.04681 0.05659 0.58485
1518196808.555347204 -0.06279 -0.23752 -0.17423 -0.80671 -0.04792 0.05530 0.58640
1518196808.590339422 -0.06325 -0.23719 -0.15867 -0.80517 -0.04983 0.05383 0.58849
1518196808.625338316 -0.06408 -0.23707 -0.14269 -0.80334 -0.05242 0.05257 0.59088
1518196808.655337334 -0.06494 -0.23491 -0.12750 -0.80194 -0.05477 0.05169 0.59264
1518196808.690328360 -0.06584 -0.23098 -0.10896 -0.80070 -0.05762 0.05118 0.59408
1518196808.725335360 -0.06748 -0.22593 -0.08974 -0.79985 -0.06012 0.05203 0.59491
1518196808.755351305 -0.06992 -0.22187 -0.07220 -0.79926 -0.06163 0.05195 0.59555
1518196808.790338278 -0.07439 -0.21659 -0.05285 -0.79859 -0.06277 0.05102 0.59641
1518196808.825343370 -0.07755 -0.20917 -0.03365 -0.79840 -0.06365 0.05078 0.59660
1518196808.855354309 -0.07935 -0.20369 -0.01712 -0.79834 -0.06367 0.05113 0.59665
1518196808.890346289 -0.08238 -0.19723 0.00126 -0.79817 -0.06459 0.05117 0.59677
1518196808.925345421 -0.08601 -0.19259 0.01786 -0.79750 -0.06523 0.05047 0.59766
1518196808.955348253 -0.08957 -0.18914 0.03210 -0.79665 -0.06507 0.04949 0.59889
1518196808.990348339 -0.09294 -0.18525 0.04731 -0.79543 -0.06498 0.04808 0.60063
1518196809.025343418 -0.09587 -0.18188 0.06235 -0.79410 -0.06537 0.04708 0.60242
1518196809.055360317 -0.09714 -0.17899 0.07493 -0.79308 -0.06600 0.04686 0.60371
1518196809.090350389 -0.09790 -0.17625 0.08862 -0.79190 -0.06680 0.04761 0.60512
1518196809.125350237 -0.09917 -0.17393 0.10091 -0.79030 -0.06812 0.04889 0.60696
1518196809.155358315 -0.10047 -0.17171 0.11052 -0.78888 -0.06976 0.04978 0.60854
1518196809.190341234 -0.10116 -0.16894 0.12025 -0.78777 -0.07066 0.05076 0.60980
1518196809.225313425 -0.10206 -0.16698 0.12853 -0.78662 -0.07106 0.05200 0.61113
1518196809.255355358 -0.10264 -0.16525 0.13468 -0.78621 -0.07051 0.05261 0.61167
1518196809.290324211 -0.10276 -0.16313 0.14045 -0.78570 -0.06946 0.05379 0.61234
1518196809.325260401 -0.10314 -0.16185 0.14497 -0.78534 -0.06864 0.05474 0.61281
1518196809.355344296 -0.10351 -0.16144 0.14787 -0.78506 -0.06778 0.05579 0.61316
1518196809.390340328 -0.10436 -0.16178 0.14950 -0.78444 -0.06673 0.05688 0.61397
1518196809.425307274 -0.10565 -0.16353 0.14884 -0.78334 -0.06535 0.05687 0.61552
1518196809.455344200 -0.10670 -0.16538 0.14673 -0.78242 -0.06419 0.05666 0.61684
1518196809.490344286 -0.10826 -0.16768 0.14237 -0.78144 -0.06327 0.05597 0.61824
1518196809.525343418 -0.11012 -0.16994 0.13599 -0.78086 -0.06223 0.05456 0.61920
1518196809.555366278 -0.11144 -0.17173 0.12961 -0.78091 -0.06145 0.05382 0.61927
1518196809.590359211 -0.11282 -0.17391 0.12118 -0.78136 -0.06099 0.05396 0.61875
1518196809.625358343 -0.11315 -0.17576 0.11212 -0.78248 -0.06020 0.05507 0.61731
1518196809.655373335 -0.10856 -0.17709 0.10206 -0.78398 -0.05870 0.05666 0.61540
1518196809.690342426 -0.09889 -0.17765 0.09103 -0.78658 -0.05670 0.06022 0.61193
1518196809.725356340 -0.10988 -0.18231 0.08353 -0.78808 -0.05626 0.05827 0.61022
1518196809.755369425 -0.11031 -0.18608 0.07556 -0.78987 -0.05487 0.05833 0.60802
1518196809.790343285 -0.10649 -0.19203 0.06554 -0.79197 -0.05340 0.05945 0.60531
1518196809.825352430 -0.10988 -0.19806 0.05895 -0.79364 -0.05283 0.05874 0.60324
1518196809.855377436 -0.10907 -0.20408 0.05297 -0.79499 -0.05252 0.05965 0.60140
1518196809.890368223 -0.10536 -0.20933 0.04684 -0.79660 -0.05176 0.06191 0.59910
1518196809.925365210 -0.10751 -0.21592 0.04425 -0.79815 -0.05135 0.06268 0.59699
1518196809.955352306 -0.10563 -0.22509 0.04221 -0.79850 -0.05076 0.06501 0.59632
1518196809.990370274 -0.10388 -0.23688 0.04227 -0.79814 -0.05048 0.06778 0.59651
1518196810.005374432 -0.10355 -0.24219 0.04262 -0.79785 -0.05055 0.06937 0.59671
1518196810.055382252 -0.10295 -0.26056 0.04459 -0.79604 -0.05148 0.07485 0.59839
1518196810.090372324 -0.10323 -0.27439 0.04560 -0.79462 -0.05104 0.07472 0.60032
1518196810.125324249 -0.10447 -0.28866 0.04610 -0.79329 -0.05078 0.07260 0.60236
1518196810.155358315 -0.10642 -0.30047 0.04668 -0.79240 -0.05118 0.07067 0.60374
1518196810.190374374 -0.10835 -0.31377 0.04659 -0.79216 -0.05143 0.06787 0.60434
1518196810.225358248 -0.10845 -0.32426 0.04700 -0.79267 -0.05147 0.06460 0.60403
1518196810.255377293 -0.10877 -0.33230 0.04813 -0.79313 -0.05161 0.06261 0.60362
1518196810.290379286 -0.10841 -0.34050 0.04959 -0.79420 -0.05111 0.06015 0.60251
1518196810.325369358 -0.10753 -0.34678 0.05110 -0.79550 -0.05046 0.05745 0.60112
1518196810.355389357 -0.10521 -0.34950 0.05169 -0.79708 -0.05020 0.05631 0.59914
1518196810.390379429 -0.10271 -0.35218 0.05234 -0.79883 -0.05000 0.05565 0.59689
1518196810.425382376 -0.10146 -0.35418 0.05281 -0.80057 -0.04947 0.05404 0.59474
1518196810.455391407 -0.09797 -0.35181 0.05263 -0.80251 -0.04862 0.05319 0.59227
1518196810.490383387 -0.09351 -0.34851 0.05219 -0.80441 -0.04830 0.05394 0.58965
1518196810.525382280 -0.08957 -0.34357 0.05102 -0.80630 -0.04881 0.05481 0.58694
1518196810.555375338 -0.08431 -0.33953 0.05096 -0.80790 -0.04902 0.05622 0.58458
1518196810.590372324 -0.08147 -0.33534 0.04964 -0.80936 -0.04890 0.05701 0.58249
1518196810.625373363 -0.07786 -0.32869 0.04861 -0.81075 -0.04920 0.05769 0.58046
1518196810.655387402 -0.07518 -0.32230 0.04807 -0.81167 -0.04865 0.05750 0.57924
1518196810.690369368 -0.06810 -0.31293 0.04538 -0.81202 -0.04825 0.05741 0.57879
1518196810.725376368 -0.06014 -0.30359 0.04381 -0.81191 -0.04817 0.05752 0.57894
1518196810.755389214 -0.05787 -0.29424 0.04196 -0.81166 -0.04857 0.05609 0.57940
1518196810.790389299 -0.05446 -0.28409 0.03963 -0.81114 -0.04900 0.05356 0.58033
1518196810.825388432 -0.05094 -0.27243 0.03680 -0.81035 -0.05003 0.05157 0.58153
1518196810.855401278 -0.04801 -0.26253 0.03501 -0.80963 -0.05105 0.04985 0.58259
1518196810.890390396 -0.04691 -0.24910 0.03327 -0.80944 -0.05218 0.04585 0.58308
1518196810.925371408 -0.04487 -0.23545 0.03202 -0.80907 -0.05290 0.04252 0.58378
1518196810.955400229 -0.04263 -0.22221 0.03143 -0.80891 -0.05385 0.04021 0.58408
1518196810.990395308 -0.04127 -0.20638 0.03068 -0.80884 -0.05518 0.03748 0.58423
1518196811.025390387 -0.03897 -0.19157 0.02981 -0.80849 -0.05726 0.03622 0.58459
1518196811.055378437 -0.03834 -0.18016 0.02987 -0.80821 -0.05876 0.03692 0.58479
1518196811.090386391 -0.03914 -0.16464 0.02984 -0.80854 -0.06088 0.03752 0.58408
1518196811.125376225 -0.04218 -0.14677 0.02989 -0.80897 -0.06237 0.03775 0.58331
1518196811.155395269 -0.04415 -0.13225 0.02861 -0.80895 -0.06387 0.03860 0.58312
1518196811.190391302 -0.04741 -0.11571 0.02827 -0.80912 -0.06481 0.04019 0.58267
1518196811.225378275 -0.04816 -0.10049 0.02657 -0.80897 -0.06500 0.04191 0.58273
1518196811.255399227 -0.04874 -0.08615 0.02474 -0.80909 -0.06424 0.04262 0.58261
1518196811.290386200 -0.04831 -0.06780 0.02163 -0.80923 -0.06344 0.04414 0.58239
1518196811.325377226 -0.04957 -0.04937 0.01790 -0.80944 -0.06219 0.04499 0.58217
1518196811.355389357 -0.04875 -0.03279 0.01494 -0.81014 -0.05998 0.04466 0.58145
1518196811.390398264 -0.04740 -0.01345 0.01072 -0.81103 -0.05707 0.04403 0.58055
1518196811.425402403 -0.04364 0.00409 0.00658 -0.81105 -0.05393 0.04440 0.58080
1518196811.455404282 -0.04275 0.02035 0.00324 -0.81104 -0.05141 0.04267 0.58116
1518196811.490405321 -0.04172 0.03800 -0.00002 -0.81084 -0.04764 0.03937 0.58199
1518196811.525403261 -0.04082 0.05483 -0.00325 -0.81018 -0.04425 0.03568 0.58342
1518196811.555406332 -0.03950 0.06875 -0.00491 -0.80977 -0.04154 0.03191 0.58440
1518196811.590406418 -0.03801 0.08308 -0.00620 -0.80894 -0.03913 0.02738 0.58594
1518196811.625396252 -0.03688 0.09724 -0.00792 -0.80813 -0.03764 0.02284 0.58735
1518196811.655408382 -0.03520 0.10886 -0.00943 -0.80734 -0.03669 0.01964 0.58862
1518196811.690406322 -0.03454 0.12138 -0.01138 -0.80636 -0.03690 0.01568 0.59006
1518196811.725395203 -0.03353 0.13177 -0.01282 -0.80547 -0.03790 0.01290 0.59128
1518196811.755412340 -0.03259 0.13990 -0.01362 -0.80486 -0.03969 0.01223 0.59201
1518196811.790411234 -0.03324 0.14901 -0.01489 -0.80461 -0.04205 0.01135 0.59220
1518196811.825413227 -0.03521 0.15837 -0.01708 -0.80463 -0.04402 0.00985 0.59206
1518196811.855361223 -0.03560 0.16522 -0.01837 -0.80480 -0.04559 0.01019 0.59171
1518196811.890413284 -0.03735 0.17124 -0.01900 -0.80562 -0.04729 0.00881 0.59048
1518196811.925402403 -0.03838 0.17571 -0.01926 -0.80589 -0.04872 0.00755 0.59001
1518196811.955421209 -0.03938 0.17762 -0.01909 -0.80634 -0.05019 0.00756 0.58927
1518196811.990390301 -0.04067 0.17802 -0.01880 -0.80702 -0.05178 0.00809 0.58820
1518196812.025385380 -0.04348 0.17098 -0.02466 -0.80585 -0.05333 0.00836 0.58965
1518196812.055397272 -0.04157 0.17294 -0.01707 -0.80781 -0.05379 0.01019 0.58689
1518196812.090402365 -0.04296 0.16713 -0.01495 -0.80762 -0.05474 0.01114 0.58705
1518196812.125391245 -0.04441 0.16022 -0.01195 -0.80736 -0.05482 0.01129 0.58740
1518196812.155417204 -0.04412 0.15267 -0.00925 -0.80679 -0.05396 0.01128 0.58826
1518196812.190422297 -0.04226 0.14228 -0.00617 -0.80567 -0.05285 0.01130 0.58990
1518196812.225415230 -0.04091 0.13050 -0.00189 -0.80474 -0.05122 0.01126 0.59131
1518196812.255415201 -0.03728 0.11906 0.00006 -0.80376 -0.05015 0.01144 0.59273
1518196812.290420294 -0.03513 0.10454 0.00493 -0.80294 -0.04869 0.01079 0.59397
1518196812.325407267 -0.03158 0.08965 0.01001 -0.80243 -0.04725 0.01190 0.59475
1518196812.355420351 -0.02460 0.07579 0.01381 -0.80226 -0.04553 0.01441 0.59507
1518196812.390426397 -0.01835 0.05946 0.01915 -0.80263 -0.04431 0.01737 0.59457
1518196812.425427437 -0.01329 0.04258 0.02406 -0.80329 -0.04342 0.02043 0.59365
1518196812.455438375 -0.01119 0.02689 0.02856 -0.80415 -0.04272 0.02224 0.59247
1518196812.490427256 -0.00681 0.00806 0.03314 -0.80501 -0.04172 0.02529 0.59125
1518196812.525430202 -0.00427 -0.00984 0.03721 -0.80576 -0.04053 0.02681 0.59025
1518196812.555440426 -0.00235 -0.02688 0.04024 -0.80597 -0.03883 0.02661 0.59008
1518196812.590411425 -0.00007 -0.04478 0.04352 -0.80627 -0.03674 0.02606 0.58983
1518196812.625423431 0.00180 -0.06204 0.04611 -0.80640 -0.03469 0.02513 0.58982
1518196812.655431271 0.00541 -0.07668 0.04775 -0.80650 -0.03245 0.02443 0.58984
1518196812.690431356 0.00850 -0.09360 0.04977 -0.80622 -0.03021 0.02358 0.59037
1518196812.725422382 0.01370 -0.11033 0.05154 -0.80594 -0.02873 0.02363 0.59082
1518196812.755434275 0.01704 -0.12397 0.05244 -0.80559 -0.02789 0.02393 0.59133
1518196812.790434361 0.01886 -0.13958 0.05371 -0.80577 -0.02768 0.02402 0.59109
1518196812.825398207 0.01918 -0.15364 0.05499 -0.80614 -0.02808 0.02368 0.59058
1518196812.855447292 0.02020 -0.16579 0.05641 -0.80631 -0.02810 0.02354 0.59035
1518196812.890413284 0.02150 -0.17900 0.05841 -0.80617 -0.02776 0.02319 0.59058
1518196812.925417423 0.02261 -0.19089 0.06021 -0.80549 -0.02767 0.02380 0.59149
1518196812.955432415 0.02339 -0.20051 0.06163 -0.80441 -0.02836 0.02518 0.59286
1518196812.990434408 0.02404 -0.21138 0.06348 -0.80303 -0.03007 0.02722 0.59456
1518196813.025440216 0.02340 -0.21945 0.06520 -0.80160 -0.03246 0.02942 0.59626
1518196813.055449247 0.02262 -0.22507 0.06651 -0.80045 -0.03488 0.03031 0.59762
1518196813.090391397 0.01913 -0.22792 0.06819 -0.79972 -0.03843 0.02955 0.59841
1518196813.125420332 0.01437 -0.22807 0.06975 -0.79970 -0.04175 0.02814 0.59829
1518196813.155435324 0.01062 -0.22703 0.07030 -0.80029 -0.04433 0.02648 0.59738
1518196813.190429211 0.00744 -0.22368 0.07056 -0.80114 -0.04715 0.02517 0.59609
1518196813.225429296 0.00385 -0.21847 0.07074 -0.80237 -0.04996 0.02445 0.59423
1518196813.255454302 0.00086 -0.21214 0.07099 -0.80336 -0.05246 0.02470 0.59266
1518196813.290417433 -0.00198 -0.20406 0.07035 -0.80437 -0.05483 0.02518 0.59105
1518196813.325448275 -0.00516 -0.19494 0.06902 -0.80483 -0.05760 0.02563 0.59015
1518196813.355455399 -0.00625 -0.18443 0.06913 -0.80525 -0.05903 0.02714 0.58936
1518196813.390418291 -0.00893 -0.17015 0.06865 -0.80630 -0.06051 0.02820 0.58772
1518196813.425409317 -0.01225 -0.15522 0.06733 -0.80729 -0.06128 0.02758 0.58632
1518196813.455390215 -0.01301 -0.14274 0.06637 -0.80796 -0.06111 0.02758 0.58541
1518196813.490451336 -0.01638 -0.12768 0.06515 -0.80874 -0.06052 0.02779 0.58439
1518196813.525399208 -0.02025 -0.11016 0.06419 -0.80978 -0.05960 0.02757 0.58305
1518196813.555445433 -0.02371 -0.09511 0.06313 -0.81046 -0.05883 0.02832 0.58214
1518196813.590397358 -0.02465 -0.07929 0.06238 -0.81081 -0.05741 0.03035 0.58169
1518196813.625450373 -0.02708 -0.06171 0.06064 -0.81150 -0.05518 0.03042 0.58094
1518196813.655447245 -0.02820 -0.04434 0.05933 -0.81227 -0.05317 0.02926 0.58012
1518196813.690439224 -0.02996 -0.02662 0.05770 -0.81302 -0.05060 0.02783 0.57937
1518196813.725457430 -0.03202 -0.00752 0.05525 -0.81398 -0.04865 0.02561 0.57828
1518196813.755457401 -0.03235 0.00939 0.05358 -0.81502 -0.04720 0.02442 0.57699
1518196813.790458202 -0.03283 0.03103 0.05288 -0.81702 -0.04569 0.02344 0.57432
1518196813.825458288 -0.03449 0.05115 0.05104 -0.81834 -0.04495 0.02091 0.57259
1518196813.855458260 -0.03683 0.06704 0.04858 -0.81907 -0.04396 0.01774 0.57173
1518196813.890457392 -0.03815 0.08544 0.04596 -0.82005 -0.04362 0.01579 0.57041
1518196813.925460339 -0.03905 0.10506 0.04373 -0.82124 -0.04450 0.01481 0.56865
1518196813.955448389 -0.03882 0.12324 0.04127 -0.82272 -0.04591 0.01448 0.56640
1518196813.990458250 -0.04103 0.14465 0.03740 -0.82418 -0.04833 0.01498 0.56407
1518196814.005453348 -0.04214 0.15369 0.03560 -0.82484 -0.04899 0.01568 0.56302
1518196814.055432320 -0.04506 0.17877 0.03076 -0.82623 -0.05124 0.01664 0.56076
1518196814.090441227 -0.04758 0.19494 0.02744 -0.82714 -0.05217 0.01667 0.55932
1518196814.125465393 -0.04890 0.20972 0.02392 -0.82774 -0.05286 0.01805 0.55832
1518196814.155463219 -0.05099 0.22328 0.02119 -0.82845 -0.05335 0.01953 0.55718
1518196814.190439224 -0.05415 0.23692 0.01692 -0.82838 -0.05372 0.01987 0.55723
1518196814.225463390 -0.05858 0.24908 0.01409 -0.82851 -0.05406 0.01979 0.55701
1518196814.255476236 -0.06037 0.26019 0.01113 -0.82879 -0.05396 0.01958 0.55661
1518196814.290456295 -0.06300 0.27296 0.00814 -0.82943 -0.05361 0.01903 0.55571
1518196814.325464249 -0.06503 0.28356 0.00499 -0.82995 -0.05359 0.01801 0.55497
1518196814.355457306 -0.06600 0.29204 0.00156 -0.83047 -0.05270 0.01679 0.55432
1518196814.390467405 -0.06782 0.30300 -0.00245 -0.83158 -0.05275 0.01550 0.55268
1518196814.425445318 -0.06822 0.31101 -0.00724 -0.83210 -0.05284 0.01441 0.55191
1518196814.455478430 -0.06999 0.31910 -0.01059 -0.83312 -0.05337 0.01283 0.55036
1518196814.490461349 -0.07068 0.32544 -0.01457 -0.83379 -0.05367 0.01194 0.54933
1518196814.525467396 -0.07152 0.33113 -0.01836 -0.83462 -0.05411 0.01129 0.54804
1518196814.555462360 -0.07212 0.33507 -0.02126 -0.83549 -0.05424 0.01018 0.54673
1518196814.590472221 -0.07425 0.33752 -0.02451 -0.83612 -0.05427 0.00811 0.54580
1518196814.625476360 -0.07624 0.34003 -0.02681 -0.83711 -0.05387 0.00518 0.54436
1518196814.655487299 -0.07641 0.33872 -0.02866 -0.83717 -0.05349 0.00284 0.54432
1518196814.690412283 -0.07594 0.33638 -0.02997 -0.83719 -0.05345 0.00160 0.54429
1518196814.725476265 -0.07438 0.33184 -0.03138 -0.83683 -0.05411 0.00231 0.54478
1518196814.755478382 -0.07417 0.32715 -0.03081 -0.83699 -0.05477 0.00288 0.54447
1518196814.790478230 -0.07227 0.31867 -0.02940 -0.83703 -0.05498 0.00461 0.54437
1518196814.825476408 -0.06897 0.30993 -0.02833 -0.83685 -0.05472 0.00684 0.54465
1518196814.855434418 -0.06808 0.30135 -0.02587 -0.83666 -0.05382 0.00794 0.54502
1518196814.890475273 -0.06546 0.28739 -0.02244 -0.83588 -0.05233 0.00899 0.54634
1518196814.925471306 -0.06402 0.27359 -0.01873 -0.83511 -0.05116 0.01038 0.54760
1518196814.955474377 -0.05894 0.26129 -0.01432 -0.83446 -0.05003 0.01293 0.54864
1518196814.990464211 -0.05598 0.24422 -0.00921 -0.83349 -0.04911 0.01431 0.55016
1518196815.025472403 -0.05255 0.22680 -0.00377 -0.83284 -0.04832 0.01567 0.55117
1518196815.055485249 -0.04895 0.20893 0.00142 -0.83190 -0.04816 0.01679 0.55257
1518196815.090484381 -0.04593 0.18777 0.00820 -0.83091 -0.04830 0.01707 0.55405
1518196815.125442266 -0.04258 0.16784 0.01471 -0.83036 -0.04799 0.01739 0.55488
1518196815.155494213 -0.03808 0.15039 0.02026 -0.82985 -0.04753 0.01797 0.55567
1518196815.190491199 -0.03196 0.13187 0.02718 -0.83005 -0.04723 0.01957 0.55534
1518196815.225492239 -0.02565 0.11212 0.03397 -0.83003 -0.04789 0.02175 0.55523
1518196815.255489349 -0.02067 0.09534 0.03947 -0.83001 -0.04806 0.02349 0.55518
1518196815.290478230 -0.01630 0.07652 0.04556 -0.83025 -0.04837 0.02436 0.55476
1518196815.325492382 -0.01305 0.05811 0.05070 -0.83029 -0.04866 0.02376 0.55470
1518196815.355463266 -0.01021 0.04313 0.05461 -0.83038 -0.04823 0.02287 0.55463
1518196815.390482426 -0.00756 0.02641 0.05925 -0.83057 -0.04780 0.02184 0.55442
1518196815.425479412 -0.00401 0.00979 0.06199 -0.83015 -0.04755 0.02102 0.55511
1518196815.455492258 -0.00195 -0.00389 0.06427 -0.82974 -0.04736 0.02034 0.55577
1518196815.490485430 0.00095 -0.01800 0.06672 -0.82946 -0.04696 0.02002 0.55623
1518196815.525482416 0.00385 -0.03210 0.06726 -0.82859 -0.04683 0.01957 0.55755
1518196815.555490255 0.00691 -0.04330 0.06731 -0.82786 -0.04631 0.01951 0.55869
1518196815.590500355 0.01075 -0.05420 0.06785 -0.82778 -0.04579 0.01963 0.55884
1518196815.625500202 0.01476 -0.06277 0.06928 -0.82865 -0.04496 0.02097 0.55756
1518196815.655483246 0.01829 -0.06942 0.06982 -0.82936 -0.04407 0.02251 0.55651
1518196815.690457344 0.02203 -0.07439 0.07103 -0.83091 -0.04284 0.02455 0.55421
1518196815.725498199 0.02443 -0.07729 0.07090 -0.83260 -0.04077 0.02413 0.55184
1518196815.755512238 0.02575 -0.07852 0.07039 -0.83361 -0.03776 0.02221 0.55061
1518196815.790496349 0.02644 -0.07786 0.07011 -0.83448 -0.03366 0.01790 0.54972
1518196815.825503349 0.02801 -0.07305 0.06832 -0.83528 -0.02887 0.01288 0.54892
1518196815.855497360 0.03049 -0.06831 0.06678 -0.83565 -0.02487 0.00920 0.54863
1518196815.890493393 0.03208 -0.05963 0.06453 -0.83654 -0.02082 0.00405 0.54749
1518196815.925500393 0.03620 -0.05079 0.06189 -0.83691 -0.01771 0.00084 0.54705
1518196815.955488205 0.03959 -0.04261 0.05976 -0.83705 -0.01553 -0.00095 0.54690
1518196815.990469217 0.04189 -0.03134 0.05773 -0.83763 -0.01346 -0.00311 0.54606
1518196816.025506258 0.04428 -0.01947 0.05430 -0.83756 -0.01147 -0.00504 0.54620
1518196816.055510283 0.04757 -0.00969 0.05021 -0.83677 -0.00931 -0.00591 0.54745
1518196816.090509415 0.05044 0.00469 0.04669 -0.83641 -0.00679 -0.00723 0.54801
1518196816.125499249 0.05411 0.01841 0.04220 -0.83557 -0.00326 -0.00859 0.54931
1518196816.155467272 0.05805 0.03189 0.03929 -0.83535 0.00007 -0.00988 0.54962
1518196816.190513372 0.05775 0.04877 0.03545 -0.83480 0.00436 -0.01238 0.55039
1518196816.225513220 0.06158 0.06681 0.03250 -0.83457 0.00778 -0.01299 0.55070
1518196816.255514383 0.06456 0.08327 0.02936 -0.83424 0.01043 -0.01361 0.55114
1518196816.290514231 0.06846 0.10258 0.02575 -0.83365 0.01331 -0.01366 0.55196
1518196816.325509310 0.07189 0.12188 0.02237 -0.83322 0.01638 -0.01366 0.55253
1518196816.355505228 0.07444 0.14023 0.02053 -0.83343 0.01850 -0.01360 0.55215
1518196816.390517235 0.07728 0.16247 0.01705 -0.83347 0.01992 -0.01278 0.55206
1518196816.425504208 0.07915 0.18310 0.01390 -0.83332 0.02019 -0.01155 0.55230
1518196816.460516214 0.08057 0.20370 0.01045 -0.83340 0.01982 -0.01014 0.55222
1518196816.490520239 0.08131 0.22165 0.00773 -0.83374 0.01924 -0.00890 0.55175
1518196816.525510311 0.08270 0.24137 0.00461 -0.83412 0.01783 -0.00799 0.55124
1518196816.555518389 0.08365 0.25770 0.00168 -0.83451 0.01692 -0.00697 0.55069
1518196816.590518236 0.08444 0.27513 -0.00207 -0.83483 0.01619 -0.00704 0.55022
1518196816.625515223 0.08513 0.29216 -0.00639 -0.83503 0.01529 -0.00770 0.54993
1518196816.655506372 0.08667 0.30639 -0.01032 -0.83530 0.01438 -0.00810 0.54954
1518196816.690515280 0.08870 0.32240 -0.01507 -0.83569 0.01277 -0.00801 0.54900
1518196816.725520372 0.09128 0.33744 -0.01961 -0.83651 0.01154 -0.00783 0.54778
1518196816.755511284 0.09297 0.35034 -0.02422 -0.83753 0.01059 -0.00841 0.54622
1518196816.790506363 0.09484 0.36461 -0.02972 -0.83912 0.00891 -0.00836 0.54380
1518196816.825512409 0.09728 0.37772 -0.03466 -0.84086 0.00626 -0.00695 0.54118
1518196816.855518341 0.09903 0.38838 -0.03947 -0.84215 0.00446 -0.00614 0.53919
1518196816.890520334 0.10071 0.40043 -0.04487 -0.84418 0.00318 -0.00673 0.53601
1518196816.925528288 0.10171 0.41207 -0.04953 -0.84657 0.00168 -0.00651 0.53224
1518196816.955498219 0.10150 0.42089 -0.05373 -0.84852 0.00108 -0.00727 0.52911
1518196816.990528345 0.10194 0.43001 -0.05869 -0.85042 0.00085 -0.00830 0.52603
1518196817.025525331 0.10288 0.43727 -0.06345 -0.85170 0.00092 -0.00833 0.52397
1518196817.055529356 0.10395 0.44137 -0.06694 -0.85240 0.00022 -0.00826 0.52283
1518196817.090523243 0.10185 0.44410 -0.07161 -0.85273 0.00003 -0.00894 0.52228
1518196817.125484228 0.10418 0.44527 -0.07327 -0.85346 -0.00074 -0.00712 0.52111
1518196817.155523300 0.10492 0.44584 -0.07410 -0.85410 -0.00146 -0.00580 0.52007
1518196817.190469265 0.10550 0.44316 -0.07437 -0.85438 -0.00119 -0.00482 0.51963
1518196817.225391388 0.10629 0.43805 -0.07375 -0.85399 -0.00078 -0.00452 0.52027
1518196817.255515337 0.10781 0.43225 -0.07217 -0.85360 -0.00022 -0.00439 0.52092
1518196817.290504217 0.10918 0.42439 -0.06985 -0.85276 0.00075 -0.00450 0.52229
1518196817.325535297 0.11062 0.41522 -0.06652 -0.85140 0.00138 -0.00420 0.52450
1518196817.355527401 0.11299 0.40503 -0.06396 -0.85015 0.00222 -0.00425 0.52652
1518196817.390537262 0.11326 0.39417 -0.05966 -0.84909 0.00318 -0.00503 0.52821
1518196817.425542355 0.11433 0.38115 -0.05515 -0.84815 0.00416 -0.00620 0.52970
1518196817.455532312 0.11444 0.36962 -0.05035 -0.84760 0.00437 -0.00700 0.53058
1518196817.490536213 0.11581 0.35520 -0.04572 -0.84707 0.00482 -0.00732 0.53141
1518196817.525519371 0.11717 0.34085 -0.04081 -0.84711 0.00470 -0.00704 0.53134
1518196817.555538416 0.11809 0.32793 -0.03679 -0.84736 0.00465 -0.00703 0.53096
1518196817.590539217 0.11819 0.31143 -0.03145 -0.84796 0.00465 -0.00682 0.53000
1518196817.625546217 0.11935 0.29484 -0.02778 -0.84856 0.00345 -0.00530 0.52906
1518196817.655556202 0.11972 0.28063 -0.02389 -0.84943 0.00283 -0.00390 0.52768
1518196817.690542221 0.11807 0.26292 -0.01980 -0.85041 0.00236 -0.00351 0.52611
1518196817.725544214 0.11810 0.24656 -0.01694 -0.85140 0.00263 -0.00313 0.52450
1518196817.755543232 0.11852 0.23097 -0.01375 -0.85193 0.00346 -0.00294 0.52363
1518196817.790539265 0.11792 0.21291 -0.01026 -0.85216 0.00497 -0.00379 0.52325
1518196817.825535297 0.11719 0.19496 -0.00650 -0.85215 0.00669 -0.00536 0.52323
1518196817.855543375 0.11816 0.17891 -0.00367 -0.85147 0.00809 -0.00557 0.52431
1518196817.890548229 0.11960 0.16042 0.00182 -0.85059 0.01002 -0.00504 0.52572
1518196817.925551414 0.12063 0.14410 0.00709 -0.84986 0.01178 -0.00501 0.52685
1518196817.955551386 0.12201 0.13151 0.01168 -0.84906 0.01333 -0.00410 0.52812
1518196817.990553379 0.12458 0.11648 0.01714 -0.84764 0.01537 -0.00212 0.53035
1518196818.025540352 0.12666 0.10261 0.02323 -0.84586 0.01759 -0.00226 0.53312
1518196818.055561304 0.12725 0.09252 0.02818 -0.84448 0.02005 -0.00367 0.53520
1518196818.090552330 0.12796 0.08210 0.03391 -0.84301 0.02265 -0.00507 0.53739
1518196818.125554323 0.12931 0.07338 0.03856 -0.84137 0.02516 -0.00646 0.53983
1518196818.155553341 0.12964 0.06861 0.04184 -0.84049 0.02743 -0.00925 0.54105
1518196818.190552235 0.13032 0.06454 0.04543 -0.83977 0.02999 -0.01293 0.54196
1518196818.225560427 0.13231 0.06252 0.04734 -0.83918 0.03207 -0.01576 0.54268
1518196818.255524397 0.13424 0.06276 0.04848 -0.83922 0.03376 -0.01781 0.54245
1518196818.290527344 0.13761 0.06525 0.04959 -0.83997 0.03453 -0.01906 0.54119
1518196818.325547218 0.14097 0.07122 0.04969 -0.84150 0.03431 -0.01965 0.53881
1518196818.355497360 0.14234 0.07844 0.04956 -0.84337 0.03406 -0.02043 0.53587
1518196818.390540361 0.14368 0.08904 0.04753 -0.84535 0.03381 -0.02157 0.53271
1518196818.425544262 0.14524 0.09987 0.04445 -0.84706 0.03379 -0.02340 0.52990
1518196818.455557346 0.14558 0.11055 0.04153 -0.84850 0.03378 -0.02501 0.52752
1518196818.490562201 0.14719 0.12339 0.03726 -0.84981 0.03366 -0.02556 0.52539
1518196818.525516272 0.14870 0.13711 0.03394 -0.85129 0.03362 -0.02613 0.52297
1518196818.555555344 0.15032 0.14970 0.03102 -0.85240 0.03355 -0.02688 0.52112
1518196818.590549231 0.15286 0.16502 0.02771 -0.85340 0.03362 -0.02712 0.51946
1518196818.625543356 0.15595 0.18172 0.02392 -0.85431 0.03446 -0.02673 0.51793
1518196818.655523300 0.15789 0.19690 0.02050 -0.85485 0.03613 -0.02747 0.51689
1518196818.690548420 0.16087 0.21452 0.01591 -0.85541 0.03831 -0.02805 0.51577
1518196818.725558281 0.16520 0.23245 0.01215 -0.85617 0.03997 -0.02751 0.51442
1518196818.755564213 0.16957 0.24875 0.00850 -0.85692 0.04109 -0.02665 0.51311
1518196818.790564299 0.17389 0.26833 0.00475 -0.85811 0.04215 -0.02607 0.51107
1518196818.825561285 0.17807 0.28872 0.00090 -0.85956 0.04335 -0.02491 0.50858
1518196818.855571270 0.18165 0.30666 -0.00200 -0.86098 0.04419 -0.02376 0.50616
1518196818.890564203 0.18508 0.32724 -0.00586 -0.86249 0.04562 -0.02338 0.50347
1518196818.925569296 0.18893 0.34838 -0.00965 -0.86386 0.04704 -0.02363 0.50098
1518196818.955567360 0.19292 0.36405 -0.01100 0.86482 -0.04830 0.02398 -0.49917
1518196818.990568399 0.19849 0.38074 -0.01396 0.86528 -0.04992 0.02414 -0.49820
1518196819.025579214 0.20321 0.39806 -0.01783 0.86557 -0.05114 0.02439 -0.49757
1518196819.055558205 0.20688 0.41123 -0.02121 0.86577 -0.05186 0.02426 -0.49716
1518196819.090575218 0.21160 0.42512 -0.02499 0.86601 -0.05282 0.02355 -0.49668
1518196819.125549316 0.21655 0.43944 -0.02888 0.86703 -0.05367 0.02306 -0.49482
1518196819.155580282 0.22012 0.45148 -0.03212 0.86839 -0.05443 0.02249 -0.49237
1518196819.190565348 0.22369 0.46550 -0.03599 0.87058 -0.05577 0.02260 -0.48834
1518196819.225573301 0.22644 0.47889 -0.04047 0.87298 -0.05697 0.02309 -0.48386
1518196819.255581379 0.22892 0.48907 -0.04502 0.87490 -0.05771 0.02288 -0.48030
1518196819.290575266 0.23027 0.50085 -0.05159 0.87716 -0.05775 0.02289 -0.47616
1518196819.325582266 0.23126 0.51254 -0.05891 0.87966 -0.05730 0.02255 -0.47160
1518196819.355580330 0.23172 0.52102 -0.06516 0.88169 -0.05647 0.02159 -0.46794
1518196819.390582323 0.23151 0.53092 -0.07390 0.88391 -0.05461 0.01965 -0.46405
1518196819.425588369 0.23013 0.54050 -0.08311 0.88620 -0.05265 0.01793 -0.45995
1518196819.455598354 0.22984 0.54721 -0.09078 0.88817 -0.05107 0.01572 -0.45641
1518196819.490588427 0.22895 0.55416 -0.09995 0.89056 -0.04990 0.01311 -0.45194
1518196819.525581360 0.22858 0.56029 -0.10831 0.89314 -0.04954 0.01100 -0.44691
1518196819.555598259 0.22804 0.56453 -0.11462 0.89569 -0.04996 0.00985 -0.44175
1518196819.590591431 0.22841 0.56839 -0.12166 0.89850 -0.05111 0.00851 -0.43590
1518196819.625590324 0.23029 0.57117 -0.12834 0.90107 -0.05280 0.00705 -0.43039
1518196819.655593395 0.23264 0.57322 -0.13438 0.90307 -0.05490 0.00637 -0.42592
1518196819.690584421 0.23593 0.57532 -0.14098 0.90531 -0.05815 0.00661 -0.42070
1518196819.725594282 0.24023 0.57732 -0.14677 0.90767 -0.06222 0.00777 -0.41498
1518196819.755592346 0.24445 0.57858 -0.15226 0.90927 -0.06623 0.00973 -0.41080
1518196819.790593386 0.25088 0.58032 -0.15798 0.91108 -0.07131 0.01202 -0.40583
1518196819.825593233 0.25830 0.58200 -0.16345 0.91262 -0.07654 0.01503 -0.40130
1518196819.855606318 0.26627 0.58307 -0.16809 0.91338 -0.08096 0.01751 -0.39860
1518196819.890593290 0.27623 0.58490 -0.17165 0.91441 -0.08648 0.02031 -0.39491
1518196819.925596237 0.28686 0.58644 -0.17418 0.91495 -0.09155 0.02278 -0.39240
1518196819.955588341 0.29625 0.58788 -0.17504 0.91511 -0.09558 0.02464 -0.39095
1518196819.990599394 0.30603 0.59039 -0.17475 0.91516 -0.09992 0.02734 -0.38956
1518196820.025601387 0.31468 0.59312 -0.17366 0.91467 -0.10332 0.03054 -0.38957
1518196820.055602312 0.32135 0.59537 -0.17177 0.91401 -0.10562 0.03337 -0.39028
1518196820.090603352 0.32708 0.59921 -0.16776 0.91338 -0.10716 0.03676 -0.39102
1518196820.125601292 0.33186 0.60283 -0.16334 0.91238 -0.10775 0.03923 -0.39296
1518196820.155604362 0.33519 0.60583 -0.15890 0.91136 -0.10737 0.04054 -0.39529
1518196820.190600395 0.33702 0.60971 -0.15272 0.91024 -0.10590 0.04178 -0.39812
1518196820.225606203 0.33712 0.61354 -0.14584 0.90920 -0.10351 0.04255 -0.40103
1518196820.255607367 0.33575 0.61657 -0.13979 0.90821 -0.10093 0.04274 -0.40391
1518196820.290598392 0.33257 0.62037 -0.13302 0.90705 -0.09730 0.04269 -0.40740
1518196820.325605392 0.32787 0.62409 -0.12684 0.90602 -0.09294 0.04276 -0.41068
1518196820.355607271 0.32259 0.62719 -0.12194 0.90516 -0.08885 0.04246 -0.41350
1518196820.390608311 0.31561 0.63060 -0.11675 0.90433 -0.08355 0.04159 -0.41649
1518196820.425603390 0.30804 0.63341 -0.11303 0.90348 -0.07791 0.04003 -0.41958
1518196820.455620289 0.30097 0.63578 -0.11050 0.90288 -0.07277 0.03777 -0.42201
1518196820.490612268 0.29246 0.63756 -0.10864 0.90221 -0.06648 0.03435 -0.42476
1518196820.525612354 0.28328 0.63874 -0.10765 0.90178 -0.06041 0.03062 -0.42685
1518196820.555603266 0.27509 0.63920 -0.10723 0.90161 -0.05487 0.02756 -0.42817
1518196820.590613365 0.26495 0.63967 -0.10762 0.90167 -0.04893 0.02437 -0.42895
1518196820.625609398 0.25483 0.63915 -0.10846 0.90192 -0.04356 0.02171 -0.42915
1518196820.655614376 0.24649 0.63797 -0.10974 0.90219 -0.03943 0.01960 -0.42909
1518196820.690615416 0.23743 0.63625 -0.11177 0.90277 -0.03463 0.01712 -0.42838
1518196820.725610256 0.22920 0.63387 -0.11439 0.90354 -0.03056 0.01460 -0.42717
1518196820.755616426 0.22257 0.63162 -0.11683 0.90456 -0.02742 0.01253 -0.42528
1518196820.790615320 0.21606 0.62843 -0.12020 0.90586 -0.02443 0.01047 -0.42274
1518196820.825612307 0.21078 0.62520 -0.12348 0.90750 -0.02254 0.00908 -0.41935
1518196820.855618238 0.20717 0.62249 -0.12682 0.90917 -0.02133 0.00828 -0.41579
1518196820.890621424 0.20387 0.61972 -0.13079 0.91127 -0.02153 0.00851 -0.41115
1518196820.925608397 0.20295 0.61683 -0.13473 0.91335 -0.02287 0.00879 -0.40643
1518196820.955618382 0.20349 0.61398 -0.13821 0.91497 -0.02500 0.00966 -0.40264
1518196820.990615368 0.20633 0.61082 -0.14261 0.91640 -0.02840 0.01135 -0.39908
1518196821.025619268 0.21155 0.60750 -0.14604 0.91742 -0.03280 0.01326 -0.39635
1518196821.055634260 0.21719 0.60419 -0.14810 0.91800 -0.03763 0.01574 -0.39448
1518196821.090624332 0.22533 0.59994 -0.14977 0.91804 -0.04432 0.01925 -0.39353
1518196821.125622272 0.23457 0.59661 -0.14994 0.91800 -0.05159 0.02360 -0.39250
1518196821.155614376 0.24359 0.59370 -0.14998 0.91742 -0.05838 0.02836 -0.39260
1518196821.190628290 0.25455 0.59082 -0.14908 0.91647 -0.06660 0.03435 -0.39302
1518196821.225627422 0.26547 0.58917 -0.14668 0.91547 -0.07471 0.04037 -0.39331
1518196821.255632401 0.27496 0.58842 -0.14363 0.91437 -0.08085 0.04514 -0.39415
1518196821.290628433 0.28539 0.58752 -0.13909 0.91271 -0.08701 0.04952 -0.39615
1518196821.325623274 0.29362 0.58749 -0.13312 0.91087 -0.09146 0.05290 -0.39894
1518196821.355641365 0.29881 0.58777 -0.12640 0.90901 -0.09409 0.05585 -0.40217
1518196821.390632391 0.30240 0.58862 -0.11737 0.90652 -0.09555 0.05894 -0.40696
1518196821.425633430 0.30382 0.58938 -0.10737 0.90369 -0.09564 0.06130 -0.41284
1518196821.455642223 0.30338 0.59046 -0.09866 0.90100 -0.09420 0.06247 -0.41883
1518196821.490635395 0.30070 0.59186 -0.08883 0.89790 -0.09140 0.06316 -0.42595
1518196821.525636435 0.29588 0.59401 -0.07909 0.89516 -0.08737 0.06302 -0.43254
1518196821.555635214 0.29065 0.59582 -0.07080 0.89302 -0.08291 0.06181 -0.43797
1518196821.590636253 0.28341 0.59891 -0.06207 0.89111 -0.07763 0.05920 -0.44316
1518196821.625638247 0.27430 0.60185 -0.05474 0.88944 -0.07161 0.05639 -0.44787
1518196821.655638218 0.26608 0.60455 -0.04916 0.88835 -0.06603 0.05261 -0.45134
1518196821.690640211 0.25609 0.60636 -0.04376 0.88714 -0.05944 0.04701 -0.45524
1518196821.725636244 0.24482 0.60764 -0.03926 0.88618 -0.05287 0.04149 -0.45845
1518196821.755640268 0.23456 0.60811 -0.03640 0.88526 -0.04704 0.03641 -0.46127
1518196821.790641308 0.22189 0.60805 -0.03320 0.88457 -0.04012 0.03066 -0.46367
1518196821.825641394 0.20888 0.60757 -0.03085 0.88411 -0.03283 0.02458 -0.46547
1518196821.855637312 0.19731 0.60664 -0.02958 0.88375 -0.02626 0.01947 -0.46681
1518196821.890642405 0.18433 0.60500 -0.02952 0.88343 -0.01872 0.01351 -0.46799
1518196821.925645351 0.17105 0.60252 -0.02972 0.88347 -0.01088 0.00715 -0.46831
1518196821.955640316 0.15926 0.59964 -0.03084 0.88364 -0.00392 0.00172 -0.46815
1518196821.990639210 0.14604 0.59565 -0.03280 0.88409 0.00406 -0.00378 -0.46729
1518196822.025642395 0.13326 0.59119 -0.03520 0.88495 0.01194 -0.00920 -0.46544
1518196822.055646420 0.12337 0.58714 -0.03799 0.88604 0.01848 -0.01390 -0.46303
1518196822.090632200 0.11320 0.58233 -0.04205 0.88755 0.02455 -0.01788 -0.45970
1518196822.125640392 0.10474 0.57792 -0.04685 0.88954 0.02921 -0.01993 -0.45548
1518196822.155641317 0.09907 0.57303 -0.05179 0.89122 0.03210 -0.02179 -0.45191
1518196822.190651417 0.09399 0.56704 -0.05782 0.89320 0.03475 -0.02352 -0.44769
1518196822.225645304 0.09081 0.56043 -0.06358 0.89511 0.03628 -0.02596 -0.44361
1518196822.255654335 0.08907 0.55476 -0.06896 0.89682 0.03703 -0.02701 -0.44001
1518196822.290649414 0.08818 0.54877 -0.07515 0.89884 0.03683 -0.02694 -0.43589
1518196822.325650215 0.08783 0.54333 -0.08100 0.90099 0.03543 -0.02516 -0.43167
1518196822.355652332 0.08957 0.53904 -0.08682 0.90261 0.03342 -0.02304 -0.42853
1518196822.390656233 0.09238 0.53513 -0.09211 0.90445 0.02985 -0.02014 -0.42505
1518196822.425653219 0.09613 0.53220 -0.09657 0.90628 0.02572 -0.01622 -0.42158
1518196822.455667257 0.10027 0.52974 -0.09920 0.90763 0.02223 -0.01315 -0.41897
1518196822.490647316 0.10567 0.52781 -0.10072 0.90894 0.01820 -0.00998 -0.41640
1518196822.525659323 0.11077 0.52563 -0.10126 0.90965 0.01503 -0.00678 -0.41505
1518196822.555643320 0.11493 0.52442 -0.10107 0.90979 0.01298 -0.00352 -0.41486
1518196822.590659380 0.11937 0.52336 -0.10021 0.90930 0.01106 0.00073 -0.41600
1518196822.625661373 0.12359 0.52279 -0.09793 0.90831 0.00931 0.00511 -0.41816
1518196822.655661345 0.12694 0.52301 -0.09490 0.90723 0.00784 0.00894 -0.42046
1518196822.690645218 0.12965 0.52410 -0.09018 0.90583 0.00627 0.01272 -0.42341
1518196822.725663424 0.13179 0.52610 -0.08418 0.90427 0.00472 0.01519 -0.42666
1518196822.755645275 0.13393 0.52846 -0.07808 0.90284 0.00346 0.01576 -0.42967
1518196822.790665388 0.13456 0.53173 -0.07038 0.90107 0.00250 0.01559 -0.43338
1518196822.825653315 0.13420 0.53542 -0.06253 0.89922 0.00293 0.01452 -0.43725
1518196822.855635405 0.13248 0.53865 -0.05595 0.89753 0.00370 0.01342 -0.44074
1518196822.890657425 0.12863 0.54242 -0.04862 0.89573 0.00508 0.01196 -0.44440
1518196822.925666332 0.12300 0.54643 -0.04173 0.89414 0.00781 0.00974 -0.44762
1518196822.955669403 0.11683 0.55007 -0.03683 0.89282 0.01062 0.00694 -0.45024
1518196822.990657330 0.10916 0.55431 -0.03288 0.89141 0.01428 0.00318 -0.45295
1518196823.025658369 0.09997 0.55893 -0.03021 0.89015 0.01797 -0.00016 -0.45532
1518196823.055675268 0.09170 0.56175 -0.02922 0.88878 0.02138 -0.00370 -0.45782
1518196823.090672255 0.08142 0.56439 -0.02885 0.88759 0.02615 -0.00800 -0.45982
1518196823.125664234 0.07058 0.56685 -0.02963 0.88675 0.03157 -0.01306 -0.46099
1518196823.155683279 0.05981 0.56928 -0.03056 0.88661 0.03615 -0.01684 -0.46079
1518196823.190673351 0.04760 0.57145 -0.03243 0.88691 0.04095 -0.02047 -0.45966
1518196823.225671291 0.03535 0.57262 -0.03514 0.88742 0.04576 -0.02345 -0.45809
1518196823.255673409 0.02455 0.57333 -0.03800 0.88824 0.04955 -0.02554 -0.45598
1518196823.290671349 0.01391 0.57307 -0.04152 0.88929 0.05350 -0.02873 -0.45330
1518196823.325669289 0.00506 0.57169 -0.04499 0.89044 0.05759 -0.03231 -0.45028
1518196823.355688334 -0.00265 0.57056 -0.04851 0.89158 0.06081 -0.03470 -0.44743
1518196823.390678406 -0.01004 0.56871 -0.05275 0.89286 0.06377 -0.03701 -0.44425
1518196823.425650358 -0.01585 0.56627 -0.05724 0.89421 0.06569 -0.03838 -0.44114
1518196823.455675364 -0.02058 0.56433 -0.06098 0.89549 0.06697 -0.03864 -0.43832
1518196823.490675211 -0.02491 0.56175 -0.06559 0.89695 0.06741 -0.03811 -0.43529
1518196823.525679350 -0.02757 0.55920 -0.07011 0.89850 0.06661 -0.03751 -0.43226
1518196823.555674314 -0.02824 0.55670 -0.07388 0.89968 0.06497 -0.03671 -0.43012
1518196823.590679407 -0.02795 0.55379 -0.07707 0.90121 0.06204 -0.03453 -0.42753
1518196823.625675201 -0.02590 0.55051 -0.07999 0.90234 0.05868 -0.03243 -0.42578
1518196823.655666351 -0.02202 0.54781 -0.08205 0.90314 0.05486 -0.03140 -0.42466
1518196823.690682411 -0.01696 0.54478 -0.08355 0.90376 0.04980 -0.02930 -0.42412
1518196823.725679398 -0.01095 0.54252 -0.08407 0.90414 0.04432 -0.02683 -0.42408
1518196823.755686283 -0.00560 0.54044 -0.08441 0.90399 0.03932 -0.02402 -0.42506
1518196823.790674210 0.00135 0.53890 -0.08352 0.90366 0.03387 -0.02158 -0.42637
1518196823.825687408 0.00753 0.53789 -0.08169 0.90300 0.02900 -0.01932 -0.42823
1518196823.855684280 0.01220 0.53748 -0.07966 0.90207 0.02569 -0.01705 -0.43050
1518196823.890686274 0.01683 0.53825 -0.07571 0.90100 0.02263 -0.01435 -0.43299
1518196823.925690413 0.02001 0.53907 -0.07143 0.89933 0.02076 -0.01153 -0.43662
1518196823.955701351 0.02230 0.53982 -0.06706 0.89743 0.02034 -0.00960 -0.44058
1518196823.990684271 0.02243 0.54129 -0.06038 0.89516 0.02115 -0.00731 -0.44517
1518196824.025693417 0.02164 0.54299 -0.05326 0.89269 0.02297 -0.00664 -0.45003
1518196824.055693388 0.01920 0.54481 -0.04710 0.89034 0.02533 -0.00631 -0.45455
1518196824.090680361 0.01464 0.54723 -0.04005 0.88772 0.02881 -0.00636 -0.45945
1518196824.125694275 0.00917 0.54929 -0.03281 0.88491 0.03351 -0.00765 -0.46449
1518196824.155691385 0.00322 0.55017 -0.02655 0.88243 0.03821 -0.00941 -0.46880
1518196824.190697432 -0.00552 0.55109 -0.02054 0.87958 0.04475 -0.01197 -0.47348
1518196824.225698233 -0.01460 0.55182 -0.01492 0.87705 0.05217 -0.01607 -0.47730
1518196824.255697250 -0.02354 0.55271 -0.01115 0.87510 0.05939 -0.02044 -0.47985
1518196824.290698290 -0.03461 0.55344 -0.00814 0.87300 0.06840 -0.02616 -0.48220
1518196824.325698376 -0.04612 0.55377 -0.00632 0.87121 0.07776 -0.03249 -0.48363
1518196824.355696201 -0.05601 0.55395 -0.00555 0.87010 0.08599 -0.03798 -0.48382
1518196824.390701294 -0.06782 0.55453 -0.00634 0.86936 0.09524 -0.04392 -0.48291
1518196824.425702333 -0.08016 0.55537 -0.00790 0.86931 0.10352 -0.04908 -0.48080
1518196824.455700397 -0.09109 0.55647 -0.01018 0.86975 0.10996 -0.05244 -0.47822
1518196824.490702391 -0.10296 0.55734 -0.01393 0.87069 0.11648 -0.05536 -0.47463
1518196824.525703430 -0.11407 0.55796 -0.01887 0.87204 0.12223 -0.05724 -0.47046
1518196824.555703402 -0.12292 0.55783 -0.02336 0.87343 0.12642 -0.05899 -0.46654
1518196824.590705395 -0.13119 0.55816 -0.02931 0.87539 0.13070 -0.06127 -0.46137
1518196824.625707388 -0.13871 0.55799 -0.03547 0.87753 0.13440 -0.06339 -0.45591
1518196824.655716419 -0.14408 0.55749 -0.04137 0.87957 0.13724 -0.06529 -0.45083
1518196824.690701246 -0.14971 0.55732 -0.04850 0.88238 0.13933 -0.06682 -0.44445
1518196824.725708246 -0.15454 0.55559 -0.05605 0.88446 0.14176 -0.06672 -0.43952
1518196824.755717278 -0.15731 0.55393 -0.06327 0.88607 0.14339 -0.06541 -0.43593
1518196824.790706396 -0.15950 0.55211 -0.07092 0.88798 0.14355 -0.06253 -0.43240
1518196824.825711250 -0.15930 0.55063 -0.07741 0.88957 0.14323 -0.06022 -0.42955
1518196824.855699301 -0.15747 0.54972 -0.08204 0.89081 0.14239 -0.05887 -0.42746
1518196824.890705347 -0.15367 0.54865 -0.08608 0.89182 0.14111 -0.05803 -0.42587
1518196824.925713301 -0.14940 0.54844 -0.08919 0.89275 0.13837 -0.05713 -0.42496
1518196824.955714226 -0.14420 0.54904 -0.09085 0.89342 0.13535 -0.05640 -0.42463
1518196824.990714312 -0.13788 0.54964 -0.09127 0.89392 0.13082 -0.05530 -0.42514
1518196825.025708437 -0.13124 0.55065 -0.09066 0.89405 0.12541 -0.05294 -0.42678
1518196825.055707216 -0.12534 0.55196 -0.08886 0.89382 0.12077 -0.05031 -0.42892
1518196825.090706348 -0.11905 0.55335 -0.08549 0.89304 0.11567 -0.04749 -0.43225
1518196825.125713348 -0.11316 0.55534 -0.08087 0.89185 0.11142 -0.04541 -0.43603
1518196825.155719280 -0.10976 0.55757 -0.07620 0.89061 0.10868 -0.04406 -0.43938
1518196825.190718412 -0.10766 0.56014 -0.07034 0.88886 0.10663 -0.04281 -0.44354
1518196825.225715399 -0.10730 0.56264 -0.06421 0.88687 0.10577 -0.04213 -0.44777
1518196825.255720377 -0.10835 0.56462 -0.05833 0.88495 0.10598 -0.04181 -0.45154
1518196825.290712357 -0.11119 0.56703 -0.05150 0.88281 0.10713 -0.04163 -0.45545
1518196825.325721264 -0.11558 0.56898 -0.04415 0.88059 0.10949 -0.04218 -0.45913
1518196825.355726242 -0.12061 0.57045 -0.03822 0.87855 0.11256 -0.04342 -0.46215
1518196825.390715361 -0.12694 0.57147 -0.03280 0.87592 0.11741 -0.04579 -0.46571
1518196825.425725222 -0.13422 0.57226 -0.02699 0.87369 0.12281 -0.04858 -0.46821
1518196825.455723286 -0.14092 0.57288 -0.02308 0.87171 0.12810 -0.05136 -0.47018
1518196825.490725279 -0.14923 0.57350 -0.01951 0.86971 0.13435 -0.05503 -0.47174
1518196825.525720358 -0.15776 0.57454 -0.01659 0.86834 0.14051 -0.05884 -0.47199
1518196825.555727243 -0.16559 0.57538 -0.01460 0.86742 0.14606 -0.06247 -0.47154
1518196825.590728283 -0.17455 0.57630 -0.01347 0.86668 0.15260 -0.06698 -0.47020
1518196825.625722408 -0.18439 0.57692 -0.01402 0.86603 0.15942 -0.07165 -0.46844
1518196825.655730247 -0.19324 0.57719 -0.01532 0.86563 0.16529 -0.07501 -0.46663
1518196825.690731287 -0.20316 0.57720 -0.01795 0.86540 0.17135 -0.07831 -0.46431
1518196825.725719213 -0.21257 0.57712 -0.02140 0.86552 0.17694 -0.08148 -0.46143
1518196825.755733252 -0.22007 0.57753 -0.02546 0.86589 0.18159 -0.08469 -0.45836
1518196825.790732384 -0.22743 0.57754 -0.03032 0.86675 0.18611 -0.08870 -0.45414
1518196825.825717211 -0.23355 0.57660 -0.03613 0.86774 0.18989 -0.09263 -0.44987
1518196825.855730295 -0.23816 0.57538 -0.04196 0.86888 0.19195 -0.09506 -0.44628
1518196825.890734434 -0.24224 0.57406 -0.04916 0.87042 0.19353 -0.09682 -0.44219
1518196825.925731421 -0.24468 0.57282 -0.05678 0.87215 0.19450 -0.09815 -0.43806
1518196825.955735207 -0.24537 0.57186 -0.06306 0.87390 0.19474 -0.09953 -0.43413
1518196825.990738392 -0.24542 0.57010 -0.06942 0.87617 0.19436 -0.10072 -0.42943
1518196826.025738239 -0.24352 0.56924 -0.07585 0.87859 0.19420 -0.10176 -0.42429
1518196826.055738211 -0.24055 0.56810 -0.08113 0.88070 0.19385 -0.10213 -0.41996
1518196826.090740204 -0.23651 0.56703 -0.08724 0.88312 0.19279 -0.10136 -0.41553
1518196826.125728369 -0.23142 0.56528 -0.09209 0.88535 0.19101 -0.09952 -0.41202
1518196826.155724287 -0.22601 0.56396 -0.09576 0.88721 0.18881 -0.09671 -0.40970
1518196826.190743208 -0.21875 0.56357 -0.09924 0.88940 0.18553 -0.09307 -0.40728
1518196826.225722313 -0.20981 0.56404 -0.10090 0.89133 0.18176 -0.08969 -0.40551
1518196826.255739212 -0.20112 0.56527 -0.10148 0.89278 0.17810 -0.08665 -0.40462
1518196826.290742397 -0.19100 0.56664 -0.10085 0.89395 0.17324 -0.08295 -0.40492
1518196826.325745344 -0.18057 0.56795 -0.09884 0.89460 0.16811 -0.07929 -0.40637
1518196826.355744362 -0.17148 0.56877 -0.09583 0.89461 0.16368 -0.07649 -0.40869
1518196826.390747309 -0.16155 0.56969 -0.09100 0.89402 0.15891 -0.07355 -0.41239
1518196826.425746202 -0.15259 0.57106 -0.08533 0.89292 0.15432 -0.07061 -0.41701
1518196826.455759287 -0.14507 0.57212 -0.08000 0.89125 0.15052 -0.06851 -0.42229
1518196826.490743399 -0.13775 0.57466 -0.07211 0.88924 0.14691 -0.06586 -0.42816
1518196826.525749207 -0.13184 0.57654 -0.06414 0.88657 0.14387 -0.06314 -0.43509
1518196826.555757284 -0.12795 0.57829 -0.05629 0.88411 0.14185 -0.06097 -0.44104
1518196826.590752363 -0.12520 0.58030 -0.04776 0.88113 0.14034 -0.05966 -0.44762
1518196826.625750303 -0.12412 0.58260 -0.03974 0.87825 0.13951 -0.05999 -0.45345
1518196826.655763388 -0.12415 0.58503 -0.03370 0.87577 0.13944 -0.06111 -0.45810
1518196826.690754414 -0.12645 0.58791 -0.02754 0.87308 0.14035 -0.06279 -0.46270
1518196826.725749254 -0.13019 0.58994 -0.02207 0.87046 0.14204 -0.06514 -0.46677
1518196826.755750418 -0.13451 0.59098 -0.01802 0.86831 0.14435 -0.06783 -0.46968
1518196826.790747404 -0.14032 0.59136 -0.01412 0.86611 0.14752 -0.07178 -0.47217
1518196826.825749397 -0.14763 0.59118 -0.01089 0.86410 0.15183 -0.07552 -0.47389
1518196826.855758429 -0.15470 0.59021 -0.00922 0.86242 0.15554 -0.07879 -0.47521
1518196826.890755415 -0.16368 0.58867 -0.00824 0.86091 0.15955 -0.08140 -0.47619
1518196826.925753355 -0.17238 0.58736 -0.00757 0.86007 0.16376 -0.08393 -0.47583
1518196826.955760241 -0.17989 0.58589 -0.00735 0.85969 0.16749 -0.08627 -0.47480
1518196826.990759373 -0.18883 0.58379 -0.00844 0.85967 0.17159 -0.08880 -0.47290
1518196827.025762320 -0.19775 0.58137 -0.01093 0.86011 0.17528 -0.09128 -0.47027
1518196827.055760384 -0.20537 0.57947 -0.01435 0.86103 0.17781 -0.09292 -0.46732
1518196827.090761423 -0.21314 0.57757 -0.01894 0.86273 0.18012 -0.09420 -0.46301
1518196827.125764370 -0.22051 0.57565 -0.02462 0.86513 0.18168 -0.09511 -0.45771
1518196827.155775309 -0.22586 0.57425 -0.03045 0.86761 0.18311 -0.09579 -0.45228
1518196827.190764427 -0.23120 0.57219 -0.03745 0.87094 0.18403 -0.09624 -0.44535
1518196827.225764275 -0.23610 0.57047 -0.04522 0.87484 0.18459 -0.09502 -0.43766
1518196827.255776405 -0.23883 0.56866 -0.05246 0.87832 0.18428 -0.09317 -0.43119
1518196827.290768385 -0.24073 0.56646 -0.06113 0.88237 0.18323 -0.09092 -0.42378
1518196827.325762272 -0.23988 0.56322 -0.06961 0.88579 0.18203 -0.08941 -0.41742
1518196827.355762243 -0.23752 0.55941 -0.07681 0.88831 0.18044 -0.08788 -0.41306
1518196827.390763283 -0.23292 0.55492 -0.08479 0.89085 0.17715 -0.08629 -0.40933
1518196827.425765276 -0.22624 0.54990 -0.09218 0.89272 0.17288 -0.08403 -0.40755
1518196827.455761433 -0.21859 0.54564 -0.09730 0.89410 0.16783 -0.08193 -0.40706
1518196827.490769386 -0.20827 0.54122 -0.10138 0.89555 0.16058 -0.07843 -0.40750
1518196827.525768280 -0.19556 0.53741 -0.10355 0.89676 0.15113 -0.07388 -0.40930
1518196827.555774212 -0.18302 0.53427 -0.10382 0.89756 0.14187 -0.06974 -0.41158
1518196827.590774298 -0.16720 0.53023 -0.10303 0.89784 0.13029 -0.06517 -0.41552
1518196827.625764370 -0.15037 0.52695 -0.10136 0.89810 0.11801 -0.06029 -0.41935
1518196827.655776262 -0.13471 0.52534 -0.09844 0.89857 0.10730 -0.05597 -0.42182
1518196827.690775394 -0.11663 0.52410 -0.09505 0.89919 0.09434 -0.05026 -0.42431
1518196827.725773335 -0.09886 0.52314 -0.09087 0.89986 0.08150 -0.04390 -0.42625
1518196827.755774260 -0.08291 0.52228 -0.08718 0.90013 0.07063 -0.03855 -0.42813
1518196827.790775299 -0.06507 0.52095 -0.08267 0.89994 0.05870 -0.03220 -0.43084
1518196827.825779200 -0.04821 0.51933 -0.07699 0.89915 0.04760 -0.02628 -0.43424
1518196827.855789423 -0.03416 0.51771 -0.07116 0.89794 0.03924 -0.02174 -0.43783
1518196827.890779257 -0.01924 0.51542 -0.06402 0.89590 0.03066 -0.01656 -0.44288
1518196827.925778389 -0.00660 0.51300 -0.05604 0.89348 0.02359 -0.01131 -0.44833
1518196827.955792427 0.00262 0.51044 -0.04834 0.89102 0.01812 -0.00658 -0.45356
1518196827.990779400 0.01188 0.50787 -0.03900 0.88815 0.01279 -0.00186 -0.45937
1518196828.025781393 0.01937 0.50560 -0.02909 0.88528 0.00845 0.00181 -0.46498
1518196828.055784225 0.02467 0.50270 -0.02024 0.88242 0.00547 0.00438 -0.47041
1518196828.090786219 0.02961 0.49982 -0.01063 0.87928 0.00291 0.00616 -0.47625
1518196828.125787258 0.03226 0.49636 -0.00156 0.87601 0.00157 0.00743 -0.48224
1518196828.155777216 0.03272 0.49325 0.00625 0.87314 0.00102 0.00795 -0.48740
1518196828.190788269 0.03159 0.48873 0.01414 0.86974 0.00182 0.00870 -0.49343
1518196828.225784302 0.02816 0.48304 0.02099 0.86637 0.00407 0.00962 -0.49930
1518196828.255788326 0.02419 0.47787 0.02570 -0.86347 -0.00730 -0.00969 0.50426
1518196828.290789366 0.01927 0.47158 0.03011 -0.86069 -0.01227 -0.00874 0.50891
1518196828.325790405 0.01202 0.46432 0.03314 -0.85834 -0.01800 -0.00749 0.51272
1518196828.355762243 0.00524 0.45787 0.03467 -0.85671 -0.02318 -0.00604 0.51524
1518196828.390793324 -0.00295 0.45051 0.03512 -0.85549 -0.02898 -0.00410 0.51700
1518196828.425793409 -0.01103 0.44326 0.03367 -0.85496 -0.03464 -0.00167 0.51753
1518196828.455788374 -0.01817 0.43673 0.03179 -0.85505 -0.03957 0.00105 0.51703
1518196828.490781307 -0.02482 0.42923 0.02736 -0.85545 -0.04460 0.00443 0.51595
1518196828.525796413 -0.03139 0.42166 0.02153 -0.85632 -0.04904 0.00769 0.51405
1518196828.555795431 -0.03647 0.41591 0.01571 -0.85761 -0.05218 0.01070 0.51153
1518196828.590796232 -0.04150 0.40990 0.00848 -0.85964 -0.05487 0.01372 0.50776
1518196828.625797272 -0.04529 0.40436 0.00021 -0.86190 -0.05637 0.01635 0.50367
1518196828.655799389 -0.04794 0.40107 -0.00688 0.86481 0.05639 -0.01836 -0.49858
1518196828.690797329 -0.04970 0.39728 -0.01540 0.86822 0.05541 -0.02012 -0.49267
1518196828.725791216 -0.04938 0.39368 -0.02418 0.87180 0.05332 -0.02058 -0.48651
1518196828.755798340 -0.04742 0.39059 -0.03186 0.87507 0.05059 -0.02057 -0.48090
1518196828.790800333 -0.04446 0.38715 -0.04060 0.87878 0.04701 -0.01991 -0.47450
1518196828.825801373 -0.03989 0.38378 -0.04887 0.88228 0.04232 -0.01941 -0.46842
1518196828.855802298 -0.03457 0.38106 -0.05593 0.88518 0.03792 -0.01848 -0.46334
1518196828.890804291 -0.02777 0.37850 -0.06298 0.88831 0.03176 -0.01669 -0.45785
1518196828.925798416 -0.01931 0.37574 -0.06956 0.89088 0.02531 -0.01422 -0.45331
1518196828.955801249 -0.01065 0.37328 -0.07482 0.89263 0.01950 -0.01133 -0.45024
1518196828.990807295 -0.00043 0.37051 -0.07991 0.89429 0.01305 -0.00661 -0.44726
1518196829.025805235 0.01087 0.36687 -0.08364 0.89519 0.00657 -0.00163 -0.44563
1518196829.055807352 0.02112 0.36442 -0.08562 0.89585 0.00122 0.00306 -0.44434
1518196829.090805292 0.03290 0.36160 -0.08724 0.89585 -0.00499 0.00892 -0.44424
1518196829.125810385 0.04415 0.35909 -0.08727 0.89540 -0.01136 0.01655 -0.44481
1518196829.155808210 0.05415 0.35665 -0.08592 0.89446 -0.01668 0.02313 -0.44624
1518196829.190797329 0.06525 0.35422 -0.08248 0.89314 -0.02207 0.02942 -0.44827
1518196829.225792408 0.07554 0.35191 -0.07707 0.89155 -0.02619 0.03401 -0.45088
1518196829.255813360 0.08382 0.35111 -0.07092 0.89021 -0.02918 0.03700 -0.45311
1518196829.290813208 0.09258 0.35088 -0.06232 0.88862 -0.03203 0.03989 -0.45578
1518196829.325807333 0.10109 0.35178 -0.05292 0.88700 -0.03447 0.04218 -0.45855
1518196829.355810404 0.10822 0.35343 -0.04417 0.88545 -0.03547 0.04339 -0.46135
1518196829.390796423 0.11437 0.35482 -0.03347 0.88360 -0.03493 0.04389 -0.46487
1518196829.425816298 0.11862 0.35626 -0.02289 0.88154 -0.03285 0.04340 -0.46895
1518196829.455815315 0.12004 0.35867 -0.01420 0.87972 -0.03118 0.04359 -0.47246
1518196829.490794420 0.12063 0.36126 -0.00449 0.87736 -0.02895 0.04372 -0.47696
1518196829.525818348 0.12006 0.36352 0.00546 0.87489 -0.02522 0.04266 -0.48178
1518196829.555807352 0.11850 0.36530 0.01397 0.87266 -0.02133 0.04133 -0.48611
1518196829.590808392 0.11547 0.36580 0.02226 0.86946 -0.01564 0.03987 -0.49215
1518196829.625821352 0.11099 0.36590 0.02973 0.86594 -0.00905 0.03761 -0.49866
1518196829.655817270 0.10550 0.36513 0.03496 -0.86295 0.00280 -0.03445 0.50410
1518196829.690816402 0.09776 0.36407 0.03942 -0.86006 -0.00440 -0.02994 0.50929
1518196829.725822210 0.08937 0.36304 0.04183 -0.85781 -0.01158 -0.02501 0.51323
1518196829.755818367 0.08254 0.36201 0.04263 -0.85647 -0.01812 -0.01961 0.51551
1518196829.790819407 0.07544 0.36050 0.04182 -0.85532 -0.02525 -0.01270 0.51733
1518196829.825823307 0.06853 0.36009 0.03949 -0.85509 -0.03117 -0.00622 0.51750
1518196829.855826378 0.06293 0.35963 0.03695 -0.85540 -0.03571 -0.00023 0.51673
1518196829.890826225 0.05782 0.35919 0.03286 -0.85611 -0.04001 0.00729 0.51518
1518196829.925826311 0.05349 0.35893 0.02792 -0.85719 -0.04349 0.01505 0.51294
1518196829.955829382 0.04980 0.35869 0.02272 -0.85829 -0.04552 0.02092 0.51071
1518196829.990806341 0.04626 0.35908 0.01628 -0.85998 -0.04663 0.02614 0.50753
1518196830.025825262 0.04400 0.35904 0.00819 -0.86162 -0.04617 0.02977 0.50457
1518196830.055819273 0.04252 0.35982 0.00097 -0.86350 -0.04386 0.03058 0.50151
1518196830.090830326 0.04349 0.36129 -0.00755 0.86610 0.04044 -0.03082 -0.49728
1518196830.125818253 0.04608 0.36334 -0.01625 0.86899 0.03631 -0.03070 -0.49254
1518196830.155825377 0.04934 0.36593 -0.02419 0.87177 0.03258 -0.02987 -0.48791
1518196830.190829277 0.05513 0.36872 -0.03386 0.87485 0.02801 -0.02926 -0.48269
1518196830.225835323 0.06214 0.37159 -0.04343 0.87799 0.02302 -0.02823 -0.47730
1518196830.255833387 0.07027 0.37398 -0.05131 0.88062 0.01825 -0.02712 -0.47269
1518196830.290832281 0.08060 0.37686 -0.05967 0.88342 0.01204 -0.02508 -0.46776
1518196830.325835228 0.09194 0.37962 -0.06678 0.88594 0.00585 -0.02192 -0.46324
1518196830.355828285 0.10237 0.38116 -0.07206 0.88760 0.00060 -0.01866 -0.46024
1518196830.390836239 0.11497 0.38233 -0.07693 0.88885 -0.00549 -0.01418 -0.45794
1518196830.425837278 0.12784 0.38274 -0.08064 0.88937 -0.01184 -0.00949 -0.45693
1518196830.455840349 0.13948 0.38285 -0.08244 0.88951 -0.01707 -0.00508 -0.45657
1518196830.490838289 0.15294 0.38350 -0.08265 0.88935 -0.02348 0.00070 -0.45662
1518196830.525840282 0.16685 0.38387 -0.08062 0.88877 -0.03011 0.00655 -0.45731
1518196830.555838346 0.17869 0.38410 -0.07741 0.88787 -0.03533 0.01167 -0.45859
1518196830.590843201 0.19187 0.38461 -0.07251 0.88642 -0.04039 0.01752 -0.46079
1518196830.625841379 0.20416 0.38581 -0.06642 0.88476 -0.04455 0.02286 -0.46335
1518196830.655841351 0.21477 0.38718 -0.06008 0.88306 -0.04750 0.02635 -0.46610
1518196830.690842390 0.22637 0.38902 -0.05193 0.88112 -0.05003 0.02925 -0.46933
1518196830.725842237 0.23670 0.39129 -0.04322 0.87927 -0.05097 0.03114 -0.47257
1518196830.755847216 0.24432 0.39437 -0.03500 0.87795 -0.05094 0.03211 -0.47495
1518196830.790840387 0.25132 0.39774 -0.02588 0.87625 -0.04968 0.03346 -0.47812
1518196830.825847387 0.25575 0.40050 -0.01663 0.87449 -0.04782 0.03511 -0.48141
1518196830.855846405 0.25788 0.40243 -0.00857 0.87275 -0.04506 0.03637 -0.48472
1518196830.890835285 0.25917 0.40440 -0.00013 0.87091 -0.04106 0.03718 -0.48831
1518196830.925850391 0.25952 0.40608 0.00754 0.86913 -0.03641 0.03689 -0.49186
1518196830.955846310 0.25907 0.40666 0.01349 0.86746 -0.03230 0.03573 -0.49517
1518196830.990847349 0.25737 0.40731 0.02012 0.86575 -0.02746 0.03349 -0.49860
1518196831.025850296 0.25471 0.40719 0.02551 -0.86400 0.02258 -0.02994 0.50210
1518196831.055853367 0.25185 0.40705 0.02931 -0.86267 0.01844 -0.02671 0.50472
1518196831.090851307 0.24726 0.40669 0.03256 -0.86126 0.01406 -0.02305 0.50745
1518196831.125852346 0.24198 0.40662 0.03511 -0.86021 0.00933 -0.01885 0.50951
1518196831.155842304 0.23679 0.40666 0.03629 -0.85945 0.00498 -0.01421 0.51100
1518196831.190856218 0.23080 0.40603 0.03609 -0.85857 -0.00047 -0.00807 0.51263
1518196831.225858212 0.22423 0.40490 0.03578 -0.85792 -0.00608 -0.00176 0.51375
1518196831.255853415 0.21804 0.40361 0.03506 -0.85758 -0.01096 0.00383 0.51422
1518196831.290858269 0.21113 0.40159 0.03345 -0.85737 -0.01644 0.00974 0.51435
1518196831.325860262 0.20391 0.39947 0.03101 -0.85741 -0.02151 0.01461 0.51398
1518196831.355860233 0.19808 0.39715 0.02889 -0.85774 -0.02499 0.01783 0.51317
1518196831.390857220 0.19206 0.39455 0.02503 -0.85830 -0.02827 0.02038 0.51196
1518196831.425859213 0.18692 0.39179 0.02136 -0.85930 -0.03136 0.02281 0.51000
1518196831.455854416 0.18299 0.38964 0.01760 -0.86075 -0.03346 0.02450 0.50733
1518196831.490860224 0.17999 0.38736 0.01111 -0.86258 -0.03512 0.02631 0.50401
1518196831.525856256 0.17822 0.38495 0.00396 0.86497 0.03569 -0.02775 -0.49979
1518196831.555861235 0.17838 0.38307 -0.00224 0.86750 0.03574 -0.02915 -0.49530
1518196831.590861320 0.18009 0.38173 -0.01064 0.87048 0.03539 -0.03028 -0.49000
1518196831.625865221 0.18215 0.38008 -0.01885 0.87341 0.03403 -0.03072 -0.48483
1518196831.655867338 0.18542 0.37862 -0.02599 0.87594 0.03204 -0.03092 -0.48035
1518196831.690852404 0.19006 0.37689 -0.03361 0.87870 0.02924 -0.03016 -0.47553
1518196831.725862265 0.19627 0.37398 -0.04040 0.88091 0.02536 -0.02874 -0.47172
1518196831.755865335 0.20276 0.37157 -0.04605 0.88244 0.02149 -0.02675 -0.46918
1518196831.790871382 0.21191 0.36873 -0.05169 0.88380 0.01625 -0.02468 -0.46693
1518196831.825868368 0.22196 0.36518 -0.05610 0.88458 0.01034 -0.02222 -0.46574
1518196831.855868340 0.23118 0.36230 -0.05913 0.88494 0.00497 -0.01902 -0.46530
1518196831.890868425 0.24221 0.35925 -0.06152 0.88505 -0.00124 -0.01485 -0.46526
1518196831.925870419 0.25434 0.35605 -0.06290 0.88476 -0.00738 -0.01070 -0.46587
1518196831.955867290 0.26480 0.35329 -0.06339 0.88415 -0.01260 -0.00727 -0.46697
1518196831.990867376 0.27723 0.35024 -0.06263 0.88307 -0.01804 -0.00342 -0.46888
1518196832.025874376 0.28899 0.34681 -0.06018 0.88153 -0.02314 0.00002 -0.47155
1518196832.055864334 0.29936 0.34469 -0.05635 0.88009 -0.02713 0.00254 -0.47403
1518196832.090864420 0.31042 0.34257 -0.05063 0.87811 -0.03117 0.00558 -0.47742
1518196832.125871420 0.32088 0.34064 -0.04295 0.87580 -0.03497 0.00859 -0.48133
1518196832.155879259 0.32887 0.33889 -0.03534 0.87336 -0.03796 0.01139 -0.48545
1518196832.190851212 0.33732 0.33742 -0.02539 0.87039 -0.04062 0.01456 -0.49046
1518196832.225880384 0.34464 0.33631 -0.01507 0.86715 -0.04246 0.01749 -0.49592
1518196832.255874395 0.34934 0.33603 -0.00547 -0.86431 0.04275 -0.01992 0.50074
1518196832.290880203 0.35274 0.33566 0.00548 -0.86097 0.04221 -0.02199 0.50643
1518196832.325862408 0.35400 0.33512 0.01613 -0.85731 0.04033 -0.02400 0.51265
1518196832.355877399 0.35338 0.33485 0.02487 -0.85416 0.03788 -0.02555 0.51800
1518196832.390884399 0.35098 0.33467 0.03405 -0.85079 0.03396 -0.02667 0.52372
1518196832.425882339 0.34584 0.33363 0.04277 -0.84727 0.02955 -0.02748 0.52962
1518196832.455878258 0.33998 0.33260 0.04955 -0.84421 0.02508 -0.02785 0.53470
1518196832.490886211 0.33260 0.33148 0.05677 -0.84105 0.01958 -0.02733 0.53991
1518196832.525888205 0.32480 0.32896 0.06209 -0.83766 0.01413 -0.02535 0.54542
1518196832.555885315 0.31707 0.32618 0.06597 -0.83488 0.00930 -0.02250 0.54990
1518196832.590888262 0.30807 0.32194 0.06967 -0.83182 0.00426 -0.01765 0.55475
1518196832.625888348 0.29833 0.31682 0.07212 -0.82882 -0.00095 -0.01106 0.55941
1518196832.655886412 0.29029 0.31135 0.07315 -0.82619 -0.00545 -0.00431 0.56335
1518196832.690888405 0.28168 0.30375 0.07353 -0.82279 -0.00978 0.00436 0.56825
1518196832.725886345 0.27352 0.29604 0.07266 -0.81906 -0.01282 0.01329 0.57341
1518196832.755892277 0.26635 0.28964 0.07106 -0.81583 -0.01489 0.01967 0.57776
1518196832.790882349 0.25823 0.28365 0.06951 -0.81292 -0.01456 0.02531 0.58165
1518196832.820897341 0.25134 0.27974 0.06827 -0.81127 -0.01133 0.02827 0.58387
1518196832.855887413 0.24389 0.27693 0.06652 -0.81071 -0.00635 0.03036 0.58463
1518196832.890891314 0.23746 0.27627 0.06437 -0.81187 -0.00055 0.03180 0.58297
1518196832.925889254 0.23232 0.27671 0.06148 -0.81408 0.00483 0.03443 0.57971
1518196832.950903416 0.22966 0.27628 0.05909 -0.81593 0.00809 0.03768 0.57687
1518196832.990897417 0.22640 0.27634 0.05433 -0.81896 0.01272 0.04348 0.57205
1518196833.025891304 0.22367 0.27616 0.04953 -0.82176 0.01630 0.04864 0.56752
1518196833.055895329 0.22153 0.27632 0.04452 -0.82409 0.01948 0.05263 0.56367
1518196833.090895414 0.21964 0.27529 0.03827 -0.82632 0.02289 0.05592 0.55995
1518196833.125884295 0.21801 0.27340 0.03280 -0.82795 0.02719 0.05769 0.55716
1518196833.155893326 0.21612 0.27213 0.02813 -0.82933 0.03175 0.05693 0.55495
1518196833.190901279 0.21453 0.27124 0.02285 -0.83047 0.03780 0.05404 0.55315
1518196833.225897312 0.21296 0.27031 0.01757 -0.83119 0.04404 0.04938 0.55203
1518196833.255901337 0.21187 0.26907 0.01345 -0.83160 0.04868 0.04457 0.55145
1518196833.290888309 0.21178 0.26755 0.01017 -0.83201 0.05381 0.03970 0.55071
1518196833.325900316 0.21129 0.26590 0.00742 -0.83251 0.05840 0.03478 0.54982
1518196833.355881214 0.21146 0.26449 0.00576 -0.83309 0.06142 0.03156 0.54882
1518196833.390837431 0.21161 0.26269 0.00466 -0.83365 0.06372 0.02974 0.54780
1518196833.425880432 0.21151 0.26028 0.00479 -0.83450 0.06435 0.03054 0.54638
1518196833.455903292 0.21077 0.25798 0.00537 -0.83551 0.06395 0.03156 0.54483
1518196833.490897417 0.21093 0.25582 0.00659 -0.83688 0.06412 0.03269 0.54263
1518196833.525908232 0.21242 0.25312 0.00827 -0.83824 0.06439 0.03478 0.54037
1518196833.555891275 0.21275 0.25135 0.00986 -0.83956 0.06464 0.03680 0.53814
1518196833.590902328 0.21327 0.24967 0.01095 -0.84076 0.06413 0.03993 0.53612
1518196833.625891209 0.21321 0.24737 0.01182 -0.84170 0.06315 0.04427 0.53440
1518196833.655909300 0.21312 0.24481 0.01414 -0.84241 0.06142 0.04894 0.53308
1518196833.690912247 0.21103 0.24254 0.01489 -0.84291 0.05944 0.05407 0.53202
1518196833.725910425 0.20995 0.23983 0.01558 -0.84273 0.05701 0.06060 0.53187
1518196833.755916357 0.20875 0.23774 0.01523 -0.84181 0.05472 0.06690 0.53282
1518196833.790915251 0.20594 0.23566 0.01565 -0.83999 0.05181 0.07444 0.53496
1518196833.825907230 0.20380 0.23229 0.01685 -0.83710 0.04752 0.08344 0.53855
1518196833.855918407 0.20072 0.22923 0.01744 -0.83378 0.04374 0.09072 0.54283
1518196833.890919209 0.19694 0.22552 0.01904 -0.82944 0.03887 0.09783 0.54859
1518196833.925919294 0.19404 0.22069 0.02095 -0.82468 0.03420 0.10334 0.55503
1518196833.955919266 0.19150 0.21565 0.02311 -0.82010 0.03000 0.10675 0.56138
1518196833.990918398 0.18803 0.20967 0.02597 -0.81465 0.02502 0.10889 0.56909
1518196834.025922298 0.18436 0.20279 0.02961 -0.80912 0.02057 0.10981 0.57693
1518196834.055921316 0.18130 0.19700 0.03310 -0.80442 0.01698 0.10995 0.58355
1518196834.090921402 0.17878 0.18994 0.03707 -0.79923 0.01308 0.11087 0.59057
1518196834.125923395 0.17694 0.18333 0.04117 -0.79455 0.00853 0.11281 0.59656
1518196834.155906200 0.17595 0.17851 0.04480 -0.79117 0.00457 0.11567 0.60054
1518196834.190915346 0.17478 0.17493 0.04807 -0.78868 -0.00053 0.11928 0.60312
1518196834.225918293 0.17236 0.17087 0.05217 -0.78652 -0.00430 0.12213 0.60536
1518196834.255926371 0.16929 0.16884 0.05462 -0.78604 -0.00695 0.12308 0.60577
1518196834.290884256 0.16615 0.16860 0.05711 -0.78667 -0.00954 0.12366 0.60478
1518196834.325929403 0.16148 0.16837 0.05889 -0.78803 -0.01177 0.12339 0.60303
1518196834.355923414 0.15781 0.16822 0.05974 -0.78969 -0.01335 0.12283 0.60094
1518196834.390925407 0.15351 0.16914 0.06076 -0.79212 -0.01495 0.12223 0.59782
1518196834.425927401 0.14994 0.17086 0.06067 -0.79489 -0.01691 0.12192 0.59414
1518196834.455928326 0.14785 0.17190 0.06057 -0.79734 -0.01924 0.12266 0.59062
1518196834.490932226 0.14530 0.17445 0.05985 -0.80015 -0.02266 0.12430 0.58634
1518196834.525930405 0.14152 0.17742 0.05844 -0.80290 -0.02681 0.12642 0.58194
1518196834.555934429 0.13765 0.17962 0.05637 -0.80510 -0.03117 0.12849 0.57822
1518196834.590933323 0.13373 0.18309 0.05517 -0.80759 -0.03578 0.13109 0.57387
1518196834.625936270 0.12851 0.18567 0.05389 -0.80968 -0.04043 0.13297 0.57017
1518196834.655936241 0.12406 0.18726 0.05270 -0.81119 -0.04409 0.13434 0.56743
1518196834.690920353 0.11849 0.18835 0.05175 -0.81262 -0.04777 0.13498 0.56493
1518196834.725938320 0.11345 0.18924 0.05075 -0.81349 -0.05154 0.13581 0.56315
1518196834.755930424 0.10904 0.18899 0.04995 -0.81378 -0.05506 0.13664 0.56219
1518196834.790929317 0.10361 0.18820 0.04959 -0.81387 -0.05849 0.13703 0.56162
1518196834.825937271 0.09830 0.18750 0.04946 -0.81383 -0.06132 0.13761 0.56124
1518196834.855938435 0.09519 0.18741 0.04962 -0.81370 -0.06374 0.13904 0.56080
1518196834.890941381 0.09215 0.18597 0.05015 -0.81304 -0.06709 0.14197 0.56064
1518196834.925941229 0.08751 0.18241 0.05127 -0.81164 -0.07170 0.14605 0.56104
1518196834.955943346 0.08379 0.17867 0.05258 -0.81004 -0.07651 0.15004 0.56167
1518196834.990937233 0.07922 0.17449 0.05442 -0.80791 -0.08139 0.15378 0.56304
1518196835.025945425 0.07418 0.17005 0.05593 -0.80564 -0.08538 0.15523 0.56529
1518196835.055927277 0.06973 0.16661 0.05795 -0.80360 -0.08863 0.15544 0.56763
1518196835.090946436 0.06632 0.16213 0.06066 -0.80096 -0.09307 0.15691 0.57025
1518196835.125937223 0.06467 0.15792 0.06463 -0.79786 -0.09998 0.16167 0.57208
1518196835.155942202 0.06330 0.15377 0.06816 -0.79473 -0.10632 0.16729 0.57369
1518196835.190945387 0.06076 0.14933 0.07133 -0.79103 -0.11294 0.17235 0.57603
1518196835.225934267 0.05615 0.14508 0.07371 -0.78798 -0.11781 0.17306 0.57901
1518196835.255941391 0.05148 0.14137 0.07514 -0.78588 -0.12033 0.17060 0.58207
1518196835.290935278 0.04642 0.13804 0.07654 -0.78373 -0.12309 0.16714 0.58539
1518196835.325642347 0.04196 0.13429 0.07851 -0.78166 -0.12633 0.16531 0.58799
1518196835.355950356 0.03868 0.13072 0.08093 -0.77968 -0.12922 0.16595 0.58979
1518196835.390936375 0.03515 0.12734 0.08380 -0.77772 -0.13256 0.16780 0.59112
1518196835.425723314 0.03045 0.12429 0.08662 -0.77618 -0.13421 0.16818 0.59266
1518196835.455945253 0.02806 0.12334 0.08764 -0.77534 -0.13406 0.16722 0.59406
1518196835.490954399 0.02399 0.12307 0.08927 -0.77487 -0.13311 0.16452 0.59564
1518196835.525752306 0.02142 0.12386 0.09038 -0.77429 -0.13227 0.16294 0.59701
1518196835.555898428 0.01938 0.12541 0.09039 -0.77376 -0.13240 0.16191 0.59795
1518196835.590912342 0.01706 0.12727 0.08971 -0.77324 -0.13198 0.16034 0.59914
1518196835.625807285 0.01682 0.13087 0.09032 -0.77328 -0.13157 0.15938 0.59943
1518196835.655387402 0.01734 0.13352 0.09064 -0.77328 -0.13164 0.15952 0.59939
1518196835.690856218 0.01822 0.13729 0.09149 -0.77350 -0.13161 0.16068 0.59880
1518196835.725811243 0.01936 0.14117 0.09289 -0.77395 -0.13070 0.16217 0.59801
1518196835.755893230 0.02076 0.14386 0.09372 -0.77441 -0.12835 0.16246 0.59785
1518196835.790958405 0.02394 0.14608 0.09346 -0.77466 -0.12503 0.16192 0.59837
1518196835.825853348 0.02333 0.14821 0.09544 -0.77463 -0.12322 0.16126 0.59897
1518196835.855950356 0.02433 0.15013 0.09714 -0.77439 -0.12181 0.16072 0.59971
1518196835.890950203 0.02609 0.15176 0.09922 -0.77380 -0.12037 0.15981 0.60100
1518196835.925842285 0.02662 0.15417 0.10205 -0.77337 -0.11936 0.15892 0.60200
1518196835.955964327 0.02587 0.15708 0.10462 -0.77330 -0.11819 0.15689 0.60285
1518196835.990964413 0.02564 0.15997 0.10666 -0.77296 -0.11654 0.15478 0.60414
1518196836.025910378 0.02534 0.16280 0.10842 -0.77262 -0.11460 0.15278 0.60546
1518196836.055964231 0.02607 0.16532 0.10992 -0.77240 -0.11260 0.15128 0.60650
1518196836.090932369 0.02713 0.16860 0.11154 -0.77239 -0.10996 0.15109 0.60703
1518196836.125911236 0.02863 0.17330 0.11277 -0.77275 -0.10746 0.15185 0.60683
1518196836.155763388 0.02838 0.17634 0.11319 -0.77297 -0.10569 0.15205 0.60682
1518196836.190840244 0.02898 0.17967 0.11290 -0.77297 -0.10408 0.15348 0.60674
1518196836.225919247 0.02898 0.18238 0.11298 -0.77312 -0.10183 0.15441 0.60669
1518196836.255884409 0.02826 0.18483 0.11340 -0.77347 -0.09948 0.15515 0.60645
1518196836.290953398 0.02541 0.18718 0.11418 -0.77384 -0.09668 0.15470 0.60654
1518196836.325935364 0.02106 0.18935 0.11397 -0.77441 -0.09318 0.15330 0.60672
1518196836.355974436 0.01832 0.19187 0.11284 -0.77456 -0.09089 0.15264 0.60703
1518196836.390965223 0.01410 0.19278 0.11361 -0.77461 -0.08985 0.15288 0.60706
1518196836.425975323 0.01359 0.19322 0.11329 -0.77393 -0.09103 0.15713 0.60668
1518196836.455962420 0.01610 0.18941 0.11050 -0.77187 -0.09360 0.16337 0.60726
1518196836.490977287 0.01662 0.19149 0.11321 -0.77176 -0.09740 0.16939 0.60516
1518196836.505981207 0.01698 0.19046 0.11322 -0.77104 -0.09924 0.17157 0.60515
1518196836.555754423 0.00951 0.19028 0.11245 -0.77083 -0.10265 0.17274 0.60452
1518196836.590960264 0.00769 0.19135 0.11181 -0.77142 -0.10263 0.17160 0.60410
1518196836.625950336 0.00656 0.19031 0.11263 -0.77193 -0.10218 0.17001 0.60397
1518196836.655931234 0.00744 0.18885 0.11296 -0.77227 -0.10215 0.16781 0.60416
1518196836.690961361 0.00931 0.18623 0.11354 -0.77317 -0.09788 0.16722 0.60387
1518196836.725975275 0.01224 0.18408 0.11419 -0.77362 -0.09363 0.16537 0.60448
1518196836.755979300 0.01050 0.18273 0.11482 -0.77444 -0.09028 0.16257 0.60470
1518196836.785984278 0.00915 0.18056 0.11543 -0.77559 -0.08596 0.16043 0.60443
