36608.237568000 0.02377 -1.56468 0.12968 0.67936 -0.01231 0.01166 0.73361
36608.274432000 0.02948 -1.77793 0.11769 0.68579 -0.01281 0.01221 0.72758
36608.307200000 0.03634 -1.96777 0.09346 0.69263 -0.01141 0.01092 0.72112
36608.344064000 0.04466 -2.19065 0.08982 0.69491 -0.01194 0.01127 0.71891
36608.376832000 0.04903 -2.38427 0.10473 0.69385 -0.01126 0.01050 0.71996
36608.409600000 0.05614 -2.57947 0.10788 0.69447 -0.01007 0.00932 0.71939
36608.446464000 0.06232 -2.79965 0.11515 0.69445 -0.00992 0.00904 0.71942
36608.483328000 0.06861 -3.01628 0.13540 0.69267 -0.00960 0.00863 0.72114
36608.516096000 0.06456 -3.23341 0.09211 0.69882 -0.01338 0.01272 0.71506
36608.552960000 0.07018 -3.43750 0.14920 0.69281 -0.01208 0.01128 0.72093
36608.585728000 0.06292 -3.63821 0.15365 0.69297 -0.01523 0.01447 0.72066
36608.622592000 0.06325 -3.86104 0.16712 0.69196 -0.01609 0.01526 0.72160
36608.659456000 0.06826 -4.07695 0.19807 0.68962 -0.01561 0.01464 0.72385
36608.692224000 0.07304 -4.27860 0.20535 0.68976 -0.01515 0.01417 0.72374
36608.729088000 0.08096 -4.51496 0.20808 0.69142 -0.01446 0.01363 0.72218
36608.761856000 0.09318 -4.71087 0.23282 0.69100 -0.01307 0.01203 0.72264
36608.798720000 0.10151 -4.94341 0.23849 0.69231 -0.01262 0.01150 0.72140
36608.831488000 0.10898 -5.14199 0.24441 0.69323 -0.01250 0.01132 0.72052
36608.868352000 0.11215 -5.37912 0.24371 0.69445 -0.01275 0.01159 0.71934
36608.901120000 0.11453 -5.58636 0.24853 0.69495 -0.01298 0.01190 0.71884
36608.937984000 0.12315 -5.81477 0.26541 0.69467 -0.01223 0.01118 0.71914
36608.970752000 0.13634 -6.01527 0.27296 0.69467 -0.01124 0.01015 0.71917
36609.007616000 0.14574 -6.26181 0.27124 0.69566 -0.01107 0.00998 0.71822
36609.044480000 0.14690 -6.49000 0.29043 0.69515 -0.01180 0.01065 0.71869
36609.077248000 0.15407 -6.70358 0.29383 0.69534 -0.01193 0.01070 0.71851
36609.114112000 0.16802 -6.95001 0.29134 0.69550 -0.01181 0.01022 0.71836
36609.146880000 0.17500 -7.15046 0.30674 0.69496 -0.01220 0.01044 0.71886
36609.183744000 0.18001 -7.38128 0.31650 0.69440 -0.01287 0.01093 0.71939
36609.216512000 0.18830 -7.59516 0.31109 0.69464 -0.01344 0.01141 0.71914
36609.253376000 0.19282 -7.82990 0.31162 0.69510 -0.01414 0.01214 0.71867
36609.286144000 0.19400 -8.03151 0.30769 0.69605 -0.01453 0.01253 0.71773
36609.323008000 0.19736 -8.25034 0.30481 0.69688 -0.01427 0.01251 0.71694
36609.355776000 0.20583 -8.46742 0.28182 0.69858 -0.01377 0.01211 0.71530
36609.392640000 0.21527 -8.70832 0.26360 0.69995 -0.01330 0.01170 0.71397
36609.429504000 0.22376 -8.95045 0.24796 0.70091 -0.01304 0.01146 0.71304
36609.462272000 0.22759 -9.16638 0.23460 0.70158 -0.01299 0.01157 0.71238
36609.499136000 0.22544 -9.40765 0.22500 0.70222 -0.01314 0.01207 0.71174
36609.531904000 0.23678 -9.61025 0.21571 0.70261 -0.01271 0.01148 0.71137
36609.568768000 0.23638 -9.86835 0.20538 0.70318 -0.01290 0.01188 0.71080
36609.601536000 0.24055 -10.08288 0.20516 0.70327 -0.01292 0.01184 0.71070
36609.638400000 0.24373 -10.32860 0.20544 0.70323 -0.01307 0.01194 0.71074
36609.671168000 0.23550 -10.53418 0.20874 0.70334 -0.01354 0.01251 0.71061
36609.708032000 0.24282 -10.79233 0.20176 0.70390 -0.01365 0.01240 0.71006
36609.740800000 0.24842 -11.01778 0.19375 0.70431 -0.01378 0.01231 0.70965
36609.777664000 0.25194 -11.26155 0.19046 0.70465 -0.01408 0.01248 0.70930
36609.814528000 0.25617 -11.50862 0.18499 0.70501 -0.01459 0.01285 0.70893
36609.847296000 0.25235 -11.70996 0.19355 0.70528 -0.01541 0.01368 0.70863
36609.884160000 0.26050 -11.95395 0.16510 0.70688 -0.01633 0.01446 0.70700
36609.916928000 0.26931 -12.17773 0.12085 0.70890 -0.01727 0.01527 0.70493
36609.953792000 0.27878 -12.42321 0.07408 0.71098 -0.01826 0.01602 0.70279
36609.986560000 0.28097 -12.64761 0.01114 0.71389 -0.01957 0.01715 0.69978
36610.023424000 0.28633 -12.87181 -0.05511 0.71767 -0.02104 0.01823 0.69582
36610.056192000 0.29761 -13.09548 -0.15002 0.72205 -0.02277 0.01969 0.69119
36610.093056000 0.30532 -13.33954 -0.19343 0.72375 -0.02383 0.02006 0.68936
36610.125824000 0.31047 -13.56147 -0.27113 0.72724 -0.02596 0.02194 0.68554
36610.162688000 0.31115 -13.80239 -0.32893 0.73038 -0.02846 0.02423 0.68201
36610.199552000 0.31638 -14.03620 -0.35332 0.73108 -0.03127 0.02646 0.68107
36610.232320000 0.31692 -14.24551 -0.33280 0.72988 -0.03392 0.02848 0.68214
36610.269184000 0.31728 -14.48897 -0.31036 0.72836 -0.03627 0.03001 0.68358
36610.301952000 0.31567 -14.70323 -0.28023 0.72649 -0.03758 0.03037 0.68548
36610.338816000 0.30981 -14.93106 -0.24102 0.72439 -0.03887 0.03053 0.68761
36610.371584000 0.31145 -15.14377 -0.23107 0.72344 -0.03969 0.03014 0.68858
36610.408448000 0.31164 -15.37865 -0.22684 0.72275 -0.04032 0.02962 0.68930
36610.441216000 0.31531 -15.59160 -0.22689 0.72227 -0.04101 0.02919 0.68978
36610.478080000 0.31740 -15.82969 -0.23116 0.72209 -0.04198 0.02916 0.68991
36610.510848000 0.31007 -16.02646 -0.19286 0.71997 -0.04233 0.02847 0.69213
36610.547712000 0.30764 -16.26738 -0.18482 0.71924 -0.04252 0.02760 0.69291
36610.584576000 0.30497 -16.50403 -0.18045 0.71884 -0.04275 0.02687 0.69334
36610.617344000 0.30222 -16.71610 -0.17864 0.71876 -0.04307 0.02638 0.69342
36610.654208000 0.29559 -16.93883 -0.15578 0.71756 -0.04298 0.02519 0.69472
36610.686976000 0.29283 -17.14828 -0.15356 0.71738 -0.04307 0.02447 0.69492
36610.723840000 0.29080 -17.38489 -0.15181 0.71718 -0.04327 0.02376 0.69513
36610.756608000 0.28916 -17.59170 -0.15580 0.71732 -0.04370 0.02346 0.69498
36610.793472000 0.28900 -17.82115 -0.16745 0.71771 -0.04418 0.02320 0.69456
36610.826240000 0.27912 -18.02316 -0.15891 0.71674 -0.04346 0.02164 0.69565
36610.863104000 0.27497 -18.26341 -0.14731 0.71576 -0.04268 0.02001 0.69675
36610.895872000 0.26935 -18.47162 -0.13745 0.71509 -0.04262 0.01933 0.69746
36610.932736000 0.26406 -18.70409 -0.13295 0.71475 -0.04289 0.01904 0.69780
36610.969600000 0.26136 -18.92650 -0.13146 0.71465 -0.04325 0.01885 0.69789
36611.002368000 0.25561 -19.13022 -0.12779 0.71439 -0.04353 0.01865 0.69814
36611.039232000 0.24155 -19.34893 -0.10118 0.71269 -0.04319 0.01766 0.69993
36611.072000000 0.23585 -19.55880 -0.08843 0.71201 -0.04343 0.01746 0.70061
36611.108864000 0.23089 -19.78174 -0.08438 0.71169 -0.04348 0.01696 0.70094
36611.141632000 0.22393 -19.98237 -0.07593 0.71125 -0.04340 0.01644 0.70140
36611.178496000 0.21629 -20.20835 -0.06390 0.71075 -0.04335 0.01592 0.70193
36611.211264000 0.19763 -20.40959 -0.03065 0.70867 -0.04328 0.01550 0.70404
36611.248128000 0.19630 -20.63172 -0.03651 0.70907 -0.04339 0.01524 0.70364
36611.280896000 0.19799 -20.82718 -0.04828 0.70978 -0.04365 0.01503 0.70291
36611.317760000 0.19141 -21.04698 -0.04924 0.70990 -0.04398 0.01491 0.70277
36611.354624000 0.18333 -21.26554 -0.04357 0.70964 -0.04411 0.01462 0.70303
36611.387392000 0.17062 -21.46182 -0.03389 0.70883 -0.04403 0.01413 0.70386
36611.424256000 0.17098 -21.68171 -0.04936 0.70971 -0.04399 0.01368 0.70298
36611.457024000 0.16624 -21.87170 -0.04594 0.70982 -0.04432 0.01368 0.70286
36611.489792000 0.16247 -22.06329 -0.04791 0.71013 -0.04482 0.01387 0.70251
36611.526656000 0.15606 -22.28039 -0.04445 0.71008 -0.04528 0.01390 0.70253
36611.563520000 0.15407 -22.48808 -0.05827 0.71065 -0.04505 0.01337 0.70197
36611.596288000 0.13742 -22.67586 -0.02714 0.70887 -0.04524 0.01312 0.70376
36611.633152000 0.13761 -22.89020 -0.04051 0.70941 -0.04522 0.01280 0.70322
36611.665920000 0.13467 -23.07549 -0.04883 0.70978 -0.04498 0.01231 0.70288
36611.702784000 0.13082 -23.28911 -0.05316 0.70995 -0.04500 0.01196 0.70271
36611.739648000 0.12979 -23.50207 -0.07208 0.71073 -0.04476 0.01139 0.70194
36611.772416000 0.12355 -23.68710 -0.07547 0.71096 -0.04484 0.01129 0.70171
36611.805184000 0.11266 -23.86616 -0.05655 0.71027 -0.04422 0.01025 0.70247
36611.842048000 0.11836 -24.06341 -0.11305 0.71266 -0.04266 0.00840 0.70016
36611.878912000 0.11091 -24.27130 -0.11217 0.71255 -0.04145 0.00697 0.70036
36611.911680000 0.10729 -24.45383 -0.11851 0.71267 -0.04028 0.00558 0.70032
36611.948544000 0.10389 -24.66328 -0.12553 0.71271 -0.03972 0.00448 0.70032
36611.981312000 0.08926 -24.84934 -0.07740 0.71015 -0.04042 0.00448 0.70288
36612.018176000 0.09371 -25.05620 -0.11825 0.71177 -0.04058 0.00441 0.70123
36612.050944000 0.08973 -25.24002 -0.12316 0.71181 -0.04087 0.00453 0.70116
36612.087808000 0.07760 -25.43194 -0.09601 0.71061 -0.03946 0.00317 0.70247
36612.124672000 0.07806 -25.62943 -0.12124 0.71154 -0.03851 0.00194 0.70159
36612.157440000 0.06492 -25.80852 -0.08586 0.70982 -0.03785 0.00071 0.70337
36612.190208000 0.06548 -25.99153 -0.10836 0.71072 -0.03797 0.00070 0.70245
36612.227072000 0.06329 -26.18859 -0.13037 0.71138 -0.03810 0.00067 0.70177
36612.263936000 0.05728 -26.38949 -0.13561 0.71127 -0.03802 0.00047 0.70189
36612.296704000 0.04531 -26.56624 -0.11035 0.70968 -0.03800 0.00012 0.70350
36612.333568000 0.04040 -26.77532 -0.10962 0.70950 -0.03867 0.00052 0.70365
36612.366336000 0.03946 -26.94563 -0.12126 0.71004 -0.03827 -0.00003 0.70312
36612.403200000 0.03565 -27.14475 -0.12243 0.71009 -0.03738 -0.00118 0.70312
36612.435968000 0.03245 -27.32075 -0.12280 0.70998 -0.03690 -0.00201 0.70325
36612.472832000 0.01337 -27.51144 -0.06805 0.70708 -0.03542 -0.00395 0.70623
36612.505600000 0.01355 -27.69057 -0.07991 0.70748 -0.03471 -0.00463 0.70586
36612.542464000 0.00830 -27.89078 -0.08282 0.70760 -0.03487 -0.00442 0.70573
36612.579328000 0.00222 -28.08141 -0.08226 0.70750 -0.03426 -0.00508 0.70587
36612.612096000 -0.00394 -28.26082 -0.08051 0.70745 -0.03450 -0.00485 0.70591
36612.648960000 -0.03262 -28.45678 -0.01137 0.70388 -0.03376 -0.00571 0.70950
36612.681728000 -0.03270 -28.63447 -0.02283 0.70459 -0.03336 -0.00626 0.70881
36612.718592000 -0.03904 -28.83313 -0.00885 0.70415 -0.03182 -0.00794 0.70929
36612.751360000 -0.04354 -29.00558 -0.00569 0.70415 -0.03096 -0.00883 0.70932
36612.788224000 -0.04345 -29.19957 -0.02319 0.70507 -0.03131 -0.00863 0.70839
36612.820992000 -0.06338 -29.37900 0.04375 0.70175 -0.02950 -0.01078 0.71173
36612.857856000 -0.05555 -29.57046 0.02076 0.70295 -0.02862 -0.01158 0.71057
36612.890624000 -0.05237 -29.73752 0.00391 0.70403 -0.02680 -0.01336 0.70954
36612.927488000 -0.05687 -29.93530 0.01793 0.70358 -0.02606 -0.01394 0.71000
36612.964352000 -0.06173 -30.12798 0.03583 0.70299 -0.02466 -0.01516 0.71061
36612.997120000 -0.07959 -30.30631 0.08669 0.70032 -0.02508 -0.01468 0.71324
36613.033984000 -0.07715 -30.49330 0.06182 0.70166 -0.02544 -0.01374 0.71193
36613.066752000 -0.07956 -30.65904 0.05823 0.70181 -0.02517 -0.01349 0.71179
36613.103616000 -0.08528 -30.84919 0.06439 0.70165 -0.02473 -0.01353 0.71196
36613.136384000 -0.08986 -31.01943 0.06914 0.70161 -0.02458 -0.01327 0.71202
36613.173248000 -0.11326 -31.23044 0.12041 0.69912 -0.02652 -0.01142 0.71442
36613.206016000 -0.11104 -31.38490 0.11246 0.69975 -0.02630 -0.01101 0.71382
36613.242880000 -0.11114 -31.56813 0.09877 0.70072 -0.02602 -0.01082 0.71288
36613.275648000 -0.11371 -31.73451 0.09732 0.70107 -0.02570 -0.01066 0.71255
36613.312512000 -0.11384 -31.92139 0.09830 0.70147 -0.02447 -0.01115 0.71219
36613.349376000 -0.13702 -32.12828 0.15078 0.69926 -0.02520 -0.01020 0.71435
36613.382144000 -0.12699 -32.27308 0.13309 0.70070 -0.02323 -0.01166 0.71298
36613.419008000 -0.12696 -32.45313 0.13770 0.70101 -0.02193 -0.01218 0.71271
36613.451776000 -0.13051 -32.61608 0.14502 0.70096 -0.02150 -0.01162 0.71279
36613.488640000 -0.13016 -32.79927 0.15635 0.70076 -0.02071 -0.01136 0.71301
36613.521408000 -0.15101 -32.97950 0.20289 0.69869 -0.02086 -0.01045 0.71504
36613.558272000 -0.14416 -33.15255 0.19579 0.69933 -0.01995 -0.00962 0.71446
36613.591040000 -0.14377 -33.31092 0.19326 0.69960 -0.01918 -0.00922 0.71421
36613.627904000 -0.13952 -33.49104 0.19242 0.70015 -0.01803 -0.00918 0.71371
36613.660672000 -0.13653 -33.64875 0.19900 0.70030 -0.01650 -0.00974 0.71359
36613.697536000 -0.17095 -33.86217 0.26799 0.69717 -0.01691 -0.00787 0.71667
36613.730304000 -0.15698 -34.01126 0.24096 0.69884 -0.01730 -0.00605 0.71504
36613.767168000 -0.14812 -34.18756 0.24020 0.69912 -0.01669 -0.00508 0.71479
36613.804032000 -0.14184 -34.35837 0.23588 0.69959 -0.01547 -0.00460 0.71436
36613.836800000 -0.13868 -34.51426 0.24216 0.69953 -0.01427 -0.00410 0.71445
36613.873664000 -0.15974 -34.71296 0.26885 0.69852 -0.01501 -0.00143 0.71543
36613.906432000 -0.14472 -34.84553 0.25757 0.69948 -0.01283 -0.00158 0.71453
36613.943296000 -0.13544 -35.01478 0.25641 0.69988 -0.01163 -0.00070 0.71417
36613.976064000 -0.13097 -35.17828 0.26297 0.69987 -0.01141 0.00103 0.71418
36614.012928000 -0.12379 -35.34613 0.26729 0.70018 -0.01001 0.00188 0.71389
36614.045696000 -0.14478 -35.51927 0.29351 0.69954 -0.00972 0.00409 0.71452
36614.082560000 -0.12808 -35.68514 0.28676 0.70032 -0.00928 0.00585 0.71374
36614.119424000 -0.12176 -35.86134 0.28949 0.70066 -0.00884 0.00793 0.71340
36614.152192000 -0.11755 -36.01581 0.29676 0.70073 -0.00783 0.00918 0.71332
36614.189056000 -0.12476 -36.21188 0.31112 0.70046 -0.00751 0.01126 0.71356
36614.221824000 -0.11912 -36.35418 0.31813 0.70033 -0.00611 0.01232 0.71369
36614.258688000 -0.10898 -36.51794 0.32019 0.70063 -0.00466 0.01358 0.71338
36614.291456000 -0.09977 -36.67027 0.32431 0.70089 -0.00343 0.01499 0.71310
36614.328320000 -0.08452 -36.83028 0.32693 0.70114 -0.00159 0.01616 0.71284
36614.361088000 -0.09240 -36.97714 0.32781 0.70178 0.00147 0.01607 0.71221
36614.397952000 -0.06834 -37.14930 0.33435 0.70137 0.00203 0.01859 0.71255
36614.430720000 -0.05416 -37.28708 0.34770 0.70102 0.00439 0.01916 0.71287
36614.467584000 -0.03623 -37.45313 0.35473 0.70098 0.00600 0.02055 0.71286
36614.504448000 -0.03230 -37.64590 0.34914 0.70192 0.00675 0.02293 0.71186
36614.537216000 -0.01133 -37.78507 0.35908 0.70151 0.00839 0.02429 0.71219
36614.574080000 0.00464 -37.94590 0.36585 0.70137 0.01043 0.02558 0.71227
36614.606848000 0.02056 -38.09883 0.37173 0.70110 0.01161 0.02760 0.71243
36614.643712000 0.03058 -38.28214 0.36013 0.70210 0.01304 0.02955 0.71135
36614.676480000 0.05321 -38.41857 0.37294 0.70123 0.01483 0.03086 0.71211
36614.713344000 0.07172 -38.57903 0.37733 0.70105 0.01646 0.03291 0.71216
36614.746112000 0.08863 -38.72106 0.38167 0.70093 0.01802 0.03456 0.71217
36614.782976000 0.10447 -38.90964 0.36896 0.70203 0.01993 0.03626 0.71094
36614.815744000 0.12425 -39.04156 0.37654 0.70136 0.02145 0.03813 0.71146
36614.852608000 0.14601 -39.18472 0.38233 0.70095 0.02339 0.03994 0.71171
36614.889472000 0.16971 -39.34605 0.38773 0.70066 0.02440 0.04259 0.71181
36614.922240000 0.18401 -39.51370 0.37511 0.70200 0.02586 0.04460 0.71031
36614.959104000 0.21579 -39.65263 0.39984 0.70032 0.02739 0.04695 0.71176
36614.991872000 0.23909 -39.79112 0.40556 0.70015 0.02931 0.04849 0.71175
36615.024640000 0.26280 -39.92984 0.41111 0.70001 0.03119 0.05006 0.71169
36615.061504000 0.28551 -40.11713 0.38710 0.70201 0.03310 0.05197 0.70949
36615.098368000 0.31658 -40.25854 0.40742 0.70023 0.03356 0.05539 0.71097
36615.131136000 0.34439 -40.39577 0.41330 0.69965 0.03502 0.05744 0.71131
36615.168000000 0.37215 -40.56404 0.40976 0.70001 0.03646 0.05991 0.71068
36615.200768000 0.40143 -40.69884 0.42138 0.69913 0.03874 0.06125 0.71131
36615.237632000 0.43464 -40.84798 0.43301 0.69831 0.04060 0.06324 0.71184
36615.270400000 0.46238 -40.99672 0.43399 0.69827 0.04218 0.06503 0.71163
36615.307264000 0.49724 -41.13637 0.45473 0.69681 0.04321 0.06762 0.71275
36615.340032000 0.52729 -41.26401 0.46609 0.69620 0.04431 0.06983 0.71307
36615.376896000 0.56249 -41.41817 0.46676 0.69668 0.04655 0.07135 0.71230
36615.409664000 0.59586 -41.54791 0.48421 0.69572 0.04797 0.07332 0.71295
36615.446528000 0.63157 -41.68977 0.49620 0.69539 0.04913 0.07575 0.71294
36615.483392000 0.66827 -41.83462 0.49489 0.69587 0.05168 0.07700 0.71216
36615.516160000 0.70031 -41.95571 0.51174 0.69461 0.05218 0.08003 0.71302
36615.553024000 0.73799 -42.09790 0.52332 0.69401 0.05397 0.08210 0.71323
36615.585792000 0.77209 -42.22455 0.51770 0.69507 0.05646 0.08279 0.71192
36615.622656000 0.81193 -42.36148 0.52983 0.69429 0.05773 0.08515 0.71231
36615.655424000 0.84837 -42.48693 0.53766 0.69403 0.05942 0.08669 0.71224
36615.692288000 0.88785 -42.62693 0.52972 0.69561 0.06181 0.08813 0.71031
36615.725056000 0.92704 -42.75216 0.54580 0.69437 0.06389 0.08971 0.71114
36615.761920000 0.97038 -42.89028 0.55870 0.69362 0.06571 0.09213 0.71139
36615.794688000 1.00836 -43.01189 0.56962 0.69304 0.06710 0.09466 0.71150
36615.831552000 1.04981 -43.15672 0.56081 0.69452 0.07071 0.09565 0.70957
36615.868416000 1.09121 -43.28877 0.57731 0.69356 0.07094 0.09990 0.70990
36615.901184000 1.13180 -43.41011 0.58531 0.69319 0.07285 0.10197 0.70978
36615.938048000 1.17850 -43.54555 0.58659 0.69346 0.07555 0.10363 0.70899
36615.970816000 1.22282 -43.65832 0.61164 0.69124 0.07548 0.10764 0.71057
36616.007680000 1.27418 -43.79177 0.62381 0.69029 0.07771 0.10998 0.71089
36616.040448000 1.32248 -43.91674 0.62706 0.69009 0.08193 0.11002 0.71060
36616.077312000 1.37766 -44.04183 0.65233 0.68759 0.08227 0.11423 0.71233
36616.110080000 1.42747 -44.16338 0.66127 0.68693 0.08520 0.11578 0.71237
36616.146944000 1.48887 -44.30565 0.66481 0.68644 0.09041 0.11573 0.71220
36616.179712000 1.53451 -44.41763 0.67657 0.68601 0.09086 0.11994 0.71187
36616.216576000 1.58506 -44.55250 0.67691 0.68688 0.09307 0.12307 0.71020
36616.253440000 1.64662 -44.69354 0.67805 0.68683 0.09747 0.12384 0.70953
36616.286208000 1.69937 -44.80718 0.69146 0.68555 0.09853 0.12718 0.71003
36616.323072000 1.76150 -44.94283 0.69702 0.68496 0.10160 0.12898 0.70984
36616.355840000 1.82492 -45.07762 0.68275 0.68537 0.10774 0.12740 0.70882
36616.392704000 1.88367 -45.19680 0.70284 0.68420 0.10735 0.13257 0.70906
36616.425472000 1.93825 -45.31502 0.70424 0.68440 0.10926 0.13542 0.70804
36616.462336000 2.00540 -45.45859 0.69987 0.68488 0.11347 0.13670 0.70667
36616.495104000 2.06272 -45.57160 0.71315 0.68397 0.11416 0.14090 0.70661
36616.531968000 2.12886 -45.70414 0.72315 0.68361 0.11619 0.14455 0.70589
36616.564736000 2.18984 -45.83789 0.71026 0.68487 0.12089 0.14505 0.70377
36616.601600000 2.25850 -45.96610 0.72422 0.68405 0.12235 0.14888 0.70353
36616.638464000 2.32826 -46.09850 0.73014 0.68396 0.12481 0.15178 0.70255
36616.671232000 2.38973 -46.22678 0.71508 0.68553 0.12876 0.15278 0.70009
36616.708096000 2.46454 -46.35265 0.73085 0.68416 0.13020 0.15689 0.70025
36616.740864000 2.53301 -46.47123 0.73873 0.68341 0.13286 0.15965 0.69986
36616.777728000 2.60719 -46.61029 0.73117 0.68397 0.13675 0.16205 0.69802
36616.810496000 2.67723 -46.72038 0.74714 0.68258 0.13835 0.16606 0.69812
36616.847360000 2.75485 -46.85009 0.75279 0.68226 0.14121 0.16943 0.69705
36616.880128000 2.82450 -46.98140 0.73694 0.68371 0.14627 0.17000 0.69444
36616.916992000 2.90525 -47.09766 0.75367 0.68229 0.14768 0.17424 0.69449
36616.949760000 2.97853 -47.21253 0.75453 0.68202 0.15088 0.17635 0.69353
36616.986624000 3.05744 -47.34138 0.74939 0.68230 0.15422 0.17883 0.69189
36617.023488000 3.13909 -47.45972 0.75814 0.68123 0.15667 0.18250 0.69143
36617.056256000 3.21412 -47.56866 0.76129 0.68040 0.15954 0.18521 0.69087
36617.093120000 3.29866 -47.70234 0.75090 0.68053 0.16465 0.18667 0.68915
36617.125888000 3.37200 -47.80198 0.76213 0.67956 0.16694 0.19035 0.68854
36617.162752000 3.46209 -47.93652 0.73335 0.67915 0.17173 0.19204 0.68730
36617.195520000 3.53892 -48.02667 0.77132 0.67795 0.17303 0.19590 0.68707
36617.232384000 3.62565 -48.14626 0.77250 0.67765 0.17589 0.19885 0.68580
36617.265152000 3.70318 -48.24843 0.77585 0.67726 0.17824 0.20182 0.68470
36617.302016000 3.78951 -48.36222 0.77568 0.67704 0.18120 0.20490 0.68322
36617.338880000 3.87874 -48.47849 0.77463 0.67681 0.18470 0.20754 0.68172
36617.371648000 3.96116 -48.57760 0.77832 0.67593 0.18766 0.21015 0.68099
36617.408512000 4.05069 -48.68557 0.78092 0.67500 0.19052 0.21343 0.68010
36617.441280000 4.13149 -48.78146 0.78204 0.67429 0.19385 0.21596 0.67906
36617.478144000 4.36985 -49.05835 0.68834 0.66666 0.22309 0.19197 0.68479
36617.510912000 4.30892 -48.98082 0.78611 0.67205 0.20120 0.22062 0.67764
36617.547776000 4.40549 -49.08631 0.78941 0.67191 0.20484 0.22323 0.67583
36617.580544000 4.49192 -49.17952 0.79202 0.67118 0.20798 0.22568 0.67479
36617.617408000 4.58765 -49.28408 0.79344 0.67061 0.21151 0.22858 0.67327
36617.650176000 4.67446 -49.37496 0.79650 0.66979 0.21478 0.23118 0.67217
36617.687040000 4.76968 -49.47663 0.79833 0.66917 0.21813 0.23432 0.67061
36617.719808000 4.85856 -49.56657 0.80133 0.66824 0.22112 0.23702 0.66961
36617.756672000 4.95583 -49.66886 0.80223 0.66759 0.22415 0.24047 0.66802
36617.793536000 5.05460 -49.76866 0.80413 0.66684 0.22688 0.24401 0.66656
36617.826304000 5.14053 -49.85937 0.80372 0.66652 0.22937 0.24738 0.66479
36617.863168000 5.23978 -49.95799 0.80633 0.66550 0.23180 0.25135 0.66348
36617.895936000 5.32699 -50.04796 0.80636 0.66458 0.23401 0.25509 0.66219
36617.932800000 5.42623 -50.14457 0.80994 0.66320 0.23631 0.25942 0.66108
36617.965568000 5.51658 -50.23234 0.81103 0.66204 0.23867 0.26297 0.65999
36618.002432000 5.62100 -50.32712 0.81482 0.66078 0.24130 0.26653 0.65886
36618.035200000 5.71485 -50.41253 0.81620 0.66002 0.24383 0.26937 0.65754
36618.072064000 5.82152 -50.50411 0.81995 0.65889 0.24687 0.27219 0.65637
36618.104832000 5.91885 -50.58441 0.82198 0.65766 0.25016 0.27416 0.65555
36618.141696000 6.02908 -50.66980 0.82469 0.65578 0.25373 0.27650 0.65507
36618.178560000 6.13975 -50.75794 0.82563 0.65407 0.25752 0.27884 0.65431
36618.211328000 6.23810 -50.83032 0.83014 0.65214 0.26051 0.28162 0.65386
36618.244096000 6.33917 -50.90699 0.83225 0.65038 0.26422 0.28415 0.65304
36618.280960000 6.45048 -50.99015 0.83543 0.64862 0.26776 0.28737 0.65193
36618.317824000 6.56382 -51.07598 0.83677 0.64711 0.27125 0.29041 0.65064
36618.350592000 6.66350 -51.14876 0.83909 0.64570 0.27385 0.29364 0.64951
36618.387456000 6.77616 -51.23302 0.83874 0.64436 0.27680 0.29699 0.64806
36618.420224000 6.87542 -51.30621 0.83897 0.64319 0.27907 0.30016 0.64678
36618.457088000 7.00117 -51.37160 0.84401 0.63946 0.28132 0.30321 0.64808
36618.489856000 7.09183 -51.45874 0.84131 0.64073 0.28458 0.30661 0.64379
36618.526720000 7.20816 -51.54032 0.84124 0.63986 0.28756 0.30982 0.64179
36618.563584000 7.32327 -51.61893 0.84309 0.63909 0.29035 0.31320 0.63966
36618.596352000 7.42804 -51.68771 0.84453 0.63821 0.29294 0.31630 0.63783
36618.633216000 7.54485 -51.76460 0.84644 0.63736 0.29584 0.31971 0.63564
36618.665984000 7.65877 -51.82662 0.84043 0.63506 0.29853 0.32201 0.63552
36618.702848000 7.77022 -51.90413 0.85036 0.63557 0.30152 0.32549 0.63181
36618.735616000 7.87834 -51.96844 0.85146 0.63503 0.30448 0.32765 0.62982
36618.772480000 8.00054 -52.03919 0.85325 0.63440 0.30806 0.33008 0.62744
36618.805248000 8.11007 -52.10064 0.85544 0.63389 0.31111 0.33232 0.62526
36618.842112000 8.23409 -52.16883 0.85574 0.63311 0.31492 0.33440 0.62304
36618.874880000 8.34310 -52.22704 0.85704 0.63224 0.31823 0.33642 0.62115
36618.911744000 8.46792 -52.29016 0.85701 0.63082 0.32225 0.33837 0.61945
36618.948608000 8.59320 -52.35398 0.85692 0.62935 0.32625 0.34043 0.61773
36618.981376000 8.70269 -52.40714 0.85891 0.62800 0.32932 0.34284 0.61614
36619.018240000 8.82639 -52.46974 0.86054 0.62673 0.33262 0.34561 0.61411
36619.051008000 8.93687 -52.52101 0.86170 0.62509 0.33542 0.34827 0.61275
36619.087872000 9.06208 -52.58453 0.86215 0.62342 0.33908 0.35080 0.61100
36619.120640000 9.17168 -52.63262 0.86385 0.62144 0.34193 0.35335 0.60995
36619.157504000 9.29842 -52.69117 0.86624 0.61957 0.34522 0.35599 0.60846
36619.190272000 9.41038 -52.73922 0.86748 0.61774 0.34783 0.35849 0.60737
36619.227136000 9.53899 -52.79444 0.87184 0.61596 0.35067 0.36146 0.60578
36619.259904000 9.65153 -52.84124 0.87299 0.61424 0.35329 0.36414 0.60440
36619.296768000 9.77966 -52.89353 0.87677 0.61252 0.35612 0.36724 0.60260
36619.333632000 9.90607 -52.94289 0.87833 0.61074 0.35866 0.37048 0.60092
36619.366400000 10.02386 -52.98658 0.88046 0.60889 0.36124 0.37305 0.59966
36619.399168000 10.13612 -53.03088 0.88258 0.60708 0.36350 0.37638 0.59804
36619.436032000 10.26740 -53.07861 0.88412 0.60494 0.36599 0.37951 0.59671
36619.472896000 10.39851 -53.12448 0.88506 0.60276 0.36859 0.38246 0.59543
36619.505664000 10.51297 -53.16461 0.88635 0.60119 0.37071 0.38506 0.59403
36619.542528000 10.64604 -53.20524 0.88780 0.59913 0.37341 0.38760 0.59277
36619.575296000 10.76188 -53.24234 0.88909 0.59744 0.37597 0.38981 0.59140
36619.612160000 10.89401 -53.27971 0.89060 0.59523 0.37887 0.39224 0.59018
36619.644928000 11.01109 -53.31059 0.89149 0.59304 0.38147 0.39449 0.58921
36619.681792000 11.14424 -53.34752 0.89225 0.59093 0.38451 0.39687 0.58775
36619.718656000 11.27517 -53.37984 0.89408 0.58857 0.38749 0.39949 0.58638
36619.751424000 11.40218 -53.41085 0.87806 0.58555 0.39110 0.40066 0.58621
36619.788288000 11.52746 -53.44282 0.89793 0.58473 0.39359 0.40378 0.58322
36619.821056000 11.64896 -53.47205 0.89790 0.58286 0.39667 0.40558 0.58175
36619.857920000 11.78102 -53.50163 0.90257 0.58127 0.39920 0.40822 0.57976
36619.890688000 11.89976 -53.53028 0.90490 0.57988 0.40149 0.41046 0.57798
36619.927552000 12.03345 -53.56021 0.90739 0.57830 0.40386 0.41321 0.57596
36619.960320000 12.15369 -53.58760 0.90901 0.57697 0.40605 0.41553 0.57408
36619.997184000 12.28756 -53.61450 0.91159 0.57541 0.40834 0.41814 0.57212
36620.029952000 12.41124 -53.64113 0.91127 0.57388 0.41086 0.41999 0.57050
36620.066816000 12.54613 -53.66755 0.91409 0.57240 0.41306 0.42263 0.56844
36620.099584000 12.66899 -53.69257 0.91514 0.57105 0.41514 0.42484 0.56663
36620.136448000 12.80530 -53.71597 0.91957 0.56944 0.41723 0.42754 0.56468
36620.173312000 12.95062 -53.72625 0.90649 0.56627 0.41957 0.42941 0.56472
36620.206080000 13.07183 -53.76202 0.92411 0.56624 0.42171 0.43225 0.56097
36620.242944000 13.21750 -53.78460 0.92115 0.56435 0.42429 0.43423 0.55940
36620.275712000 13.34222 -53.80328 0.92828 0.56330 0.42627 0.43647 0.55721
36620.312576000 13.48489 -53.82149 0.93134 0.56184 0.42862 0.43867 0.55515
36620.345344000 13.61830 -53.84293 0.93117 0.56053 0.43115 0.44022 0.55329
36620.382208000 13.76232 -53.85916 0.93469 0.55919 0.43349 0.44232 0.55113
36620.414976000 13.89128 -53.87159 0.93773 0.55785 0.43578 0.44421 0.54916
36620.451840000 14.04288 -53.88912 0.93858 0.55601 0.43865 0.44596 0.54732
36620.484608000 14.17202 -53.89788 0.94004 0.55402 0.44099 0.44786 0.54591
36620.521472000 14.31916 -53.90753 0.94103 0.55158 0.44362 0.44999 0.54448
36620.558336000 14.47594 -53.92034 0.93997 0.54886 0.44656 0.45168 0.54343
36620.591104000 14.60619 -53.92456 0.94331 0.54644 0.44868 0.45375 0.54241
36620.627968000 14.76439 -53.93524 0.94237 0.54373 0.45136 0.45563 0.54133
36620.660736000 14.89590 -53.93857 0.94483 0.54151 0.45341 0.45764 0.54014
36620.697600000 15.05356 -53.94572 0.94643 0.53917 0.45608 0.45953 0.53862
36620.701696000 15.06865 -53.94303 0.94717 0.53883 0.45635 0.45981 0.53851
