37061.062656000 -0.06010 -0.88945 0.13523 0.65612 -0.01260 -0.01753 0.75435
37061.087232000 -0.07351 -1.01344 -0.00251 0.71237 -0.00214 -0.03202 0.70107
37061.111808000 -0.08562 -1.12771 -0.01654 0.71646 -0.01119 -0.02614 0.69705
37061.136384000 -0.09762 -1.24318 -0.03243 0.72021 -0.01783 -0.02255 0.69316
37061.165056000 -0.10992 -1.37443 -0.03589 0.72001 -0.01683 -0.02716 0.69323
37061.189632000 -0.12023 -1.49012 -0.03723 0.71937 -0.02044 -0.02684 0.69381
37061.214208000 -0.13350 -1.60544 -0.03247 0.71752 -0.02364 -0.02677 0.69562
37061.238784000 -0.14621 -1.71938 -0.02333 0.71474 -0.02656 -0.02703 0.69836
37061.263360000 -0.15981 -1.83202 -0.01048 0.71132 -0.02943 -0.02721 0.70172
37061.287936000 -0.17260 -1.94742 -0.00571 0.71034 -0.03107 -0.02867 0.70258
37061.312512000 -0.18599 -2.06315 -0.00109 0.70949 -0.03267 -0.03008 0.70331
37061.337088000 -0.19961 -2.17862 0.00291 0.70885 -0.03419 -0.03147 0.70383
37061.361664000 -0.21321 -2.29565 0.00995 0.70743 -0.03516 -0.03328 0.70512
37061.386240000 -0.22799 -2.41371 0.01052 0.70767 -0.03647 -0.03463 0.70475
37061.414912000 -0.24581 -2.54554 0.02886 0.70495 -0.03793 -0.03603 0.70733
37061.439488000 -0.26178 -2.66010 0.03522 0.70410 -0.03946 -0.03709 0.70803
37061.464064000 -0.27855 -2.77325 0.04625 0.70253 -0.04084 -0.03807 0.70947
37061.488640000 -0.29549 -2.88701 0.06015 0.70095 -0.04224 -0.03893 0.71089
37061.513216000 -0.31402 -3.00211 0.06979 0.70007 -0.04380 -0.03952 0.71164
37061.537792000 -0.33063 -3.11822 0.07590 0.69957 -0.04473 -0.04072 0.71200
37061.562368000 -0.34783 -3.23535 0.07836 0.69954 -0.04587 -0.04163 0.71191
37061.586944000 -0.36748 -3.34957 0.09033 0.69822 -0.04753 -0.04190 0.71307
37061.611520000 -0.38483 -3.46441 0.10813 0.69676 -0.04829 -0.04303 0.71438
37061.636096000 -0.40237 -3.58244 0.11555 0.69631 -0.04885 -0.04417 0.71471
37061.664768000 -0.42245 -3.71671 0.12918 0.69532 -0.04916 -0.04559 0.71557
37061.689344000 -0.43994 -3.83510 0.13486 0.69525 -0.04951 -0.04686 0.71552
37061.713920000 -0.45595 -3.96029 0.12709 0.69642 -0.04936 -0.04849 0.71429
37061.738496000 -0.47330 -4.08546 0.09993 0.69950 -0.04950 -0.04981 0.71117
37061.763072000 -0.49394 -4.19642 0.11265 0.69855 -0.05070 -0.05005 0.71201
37061.787648000 -0.51189 -4.31251 0.11652 0.69836 -0.05090 -0.05133 0.71209
37061.812224000 -0.53019 -4.42969 0.12151 0.69828 -0.05085 -0.05278 0.71206
37061.836800000 -0.54712 -4.54819 0.11696 0.69903 -0.05012 -0.05494 0.71122
37061.861376000 -0.56468 -4.66714 0.10464 0.70032 -0.04919 -0.05722 0.70983
37061.890048000 -0.58669 -4.80278 0.10042 0.70089 -0.04828 -0.05960 0.70913
37061.914624000 -0.60467 -4.91562 0.08710 0.70221 -0.04688 -0.06248 0.70767
37061.939200000 -0.62345 -5.03868 0.07075 0.70402 -0.04517 -0.06557 0.70571
37061.963776000 -0.64301 -5.15812 0.06039 0.70502 -0.04330 -0.06866 0.70453
37061.988352000 -0.66250 -5.28051 0.04645 0.70629 -0.04138 -0.07169 0.70307
37062.012928000 -0.68177 -5.40178 0.03789 0.70714 -0.03953 -0.07462 0.70201
37062.037504000 -0.70065 -5.52393 0.04141 0.70659 -0.03777 -0.07726 0.70238
37062.062080000 -0.72104 -5.64605 0.04182 0.70659 -0.03664 -0.07932 0.70221
37062.086656000 -0.74170 -5.75473 0.03785 0.70713 -0.03530 -0.08164 0.70147
37062.111232000 -0.76183 -5.87222 0.04012 0.70714 -0.03292 -0.08485 0.70119
37062.139904000 -0.78552 -6.00960 0.04078 0.70714 -0.02963 -0.08894 0.70083
37062.164480000 -0.80520 -6.12936 0.04557 0.70689 -0.02611 -0.09329 0.70066
37062.189056000 -0.82317 -6.25626 0.04744 0.70669 -0.02329 -0.09690 0.70047
37062.213632000 -0.84272 -6.37852 0.04575 0.70671 -0.02128 -0.09974 0.70012
37062.238208000 -0.86104 -6.50276 0.05385 0.70620 -0.01964 -0.10208 0.70034
37062.262784000 -0.87827 -6.63110 0.05569 0.70621 -0.01916 -0.10329 0.70016
37062.287360000 -0.89648 -6.74510 0.05025 0.70682 -0.01794 -0.10534 0.69927
37062.311936000 -0.91738 -6.86247 0.04480 0.70718 -0.01643 -0.10752 0.69861
37062.336512000 -0.93723 -6.98357 0.04686 0.70685 -0.01595 -0.10848 0.69881
37062.361088000 -0.95826 -7.10624 0.05011 0.70642 -0.01581 -0.10907 0.69916
37062.389760000 -0.98262 -7.25036 0.05320 0.70617 -0.01607 -0.10936 0.69936
37062.414336000 -1.00272 -7.37389 0.05857 0.70576 -0.01633 -0.10987 0.69969
37062.438912000 -1.02651 -7.48826 0.05145 0.70618 -0.01531 -0.11164 0.69901
37062.463488000 -1.05101 -7.59003 0.02121 0.70804 -0.01381 -0.11421 0.69673
37062.488064000 -1.07111 -7.71928 0.02480 0.70759 -0.01390 -0.11479 0.69710
37062.512640000 -1.09125 -7.84678 0.03334 0.70693 -0.01418 -0.11516 0.69771
37062.537216000 -1.11298 -7.96713 0.03346 0.70708 -0.01438 -0.11571 0.69745
37062.561792000 -1.13575 -8.08936 0.03067 0.70747 -0.01409 -0.11675 0.69689
37062.586368000 -1.15736 -8.21550 0.03035 0.70759 -0.01374 -0.11771 0.69661
37062.615040000 -1.17960 -8.35427 0.02356 0.70816 -0.01329 -0.11896 0.69583
37062.639616000 -1.20087 -8.47782 0.02611 0.70811 -0.01287 -0.12009 0.69569
37062.664192000 -1.22183 -8.60759 0.02822 0.70789 -0.01430 -0.11912 0.69606
37062.688768000 -1.24447 -8.73046 0.02320 0.70806 -0.01517 -0.11883 0.69591
37062.713344000 -1.26623 -8.85039 0.02041 0.70810 -0.01484 -0.11981 0.69572
37062.737920000 -1.28459 -8.97188 0.02200 0.70801 -0.01302 -0.12236 0.69540
37062.762496000 -1.30897 -9.09389 0.01979 0.70800 -0.01238 -0.12340 0.69524
37062.787072000 -1.33021 -9.22200 0.02636 0.70752 -0.01219 -0.12389 0.69564
37062.811648000 -1.35141 -9.34786 0.02834 0.70733 -0.01240 -0.12410 0.69580
37062.836224000 -1.37337 -9.46974 0.02882 0.70730 -0.01176 -0.12520 0.69564
37062.864896000 -1.39752 -9.61434 0.02820 0.70749 -0.01094 -0.12653 0.69522
37062.889472000 -1.42039 -9.74004 0.03017 0.70739 -0.01111 -0.12669 0.69529
37062.914048000 -1.44199 -9.86810 0.03624 0.70726 -0.01127 -0.12681 0.69540
37062.938624000 -1.46217 -9.99488 0.04605 0.70708 -0.00906 -0.12913 0.69519
37062.963200000 -1.48182 -10.12539 0.05546 0.70674 -0.00838 -0.12981 0.69541
37062.987776000 -1.50303 -10.25075 0.05860 0.70675 -0.00789 -0.13036 0.69531
37063.012352000 -1.52476 -10.37777 0.06523 0.70651 -0.00697 -0.13126 0.69539
37063.036928000 -1.54679 -10.50655 0.07171 0.70625 -0.00648 -0.13162 0.69558
37063.061504000 -1.56832 -10.63591 0.08217 0.70561 -0.00464 -0.13337 0.69592
37063.086080000 -1.58827 -10.76381 0.08325 0.70547 -0.00479 -0.13345 0.69604
37063.114752000 -1.61287 -10.90906 0.08388 0.70556 -0.00444 -0.13379 0.69590
37063.139328000 -1.63332 -11.03367 0.08771 0.70538 -0.00327 -0.13501 0.69585
37063.163904000 -1.65497 -11.15778 0.09779 0.70455 0.00008 -0.13772 0.69617
37063.188480000 -1.67578 -11.28932 0.10384 0.70414 0.00017 -0.13771 0.69658
37063.213056000 -1.69986 -11.41674 0.10106 0.70450 -0.00096 -0.13661 0.69643
37063.237632000 -1.72485 -11.54055 0.10264 0.70468 0.00006 -0.13731 0.69611
37063.262208000 -1.74487 -11.66804 0.11202 0.70420 0.00209 -0.13919 0.69622
37063.286784000 -1.76707 -11.79624 0.11287 0.70431 0.00195 -0.13900 0.69615
37063.311360000 -1.79075 -11.92279 0.11437 0.70461 0.00222 -0.13902 0.69584
37063.340032000 -1.81504 -12.06995 0.12343 0.70416 0.00414 -0.14071 0.69595
37063.364608000 -1.83618 -12.19775 0.12852 0.70394 0.00472 -0.14122 0.69606
37063.389184000 -1.86167 -12.32200 0.12875 0.70411 0.00469 -0.14111 0.69592
37063.413760000 -1.88574 -12.44775 0.12750 0.70442 0.00439 -0.14087 0.69565
37063.438336000 -1.90738 -12.57593 0.12876 0.70448 0.00409 -0.14070 0.69563
37063.462912000 -1.92932 -12.70351 0.13060 0.70447 0.00394 -0.14054 0.69567
37063.487488000 -1.95380 -12.83060 0.12899 0.70469 0.00295 -0.13954 0.69565
37063.512064000 -1.97611 -12.95821 0.13089 0.70452 0.00266 -0.13919 0.69590
37063.536640000 -1.99995 -13.08468 0.12914 0.70465 0.00208 -0.13862 0.69588
37063.561216000 -2.02124 -13.21234 0.13037 0.70457 0.00214 -0.13861 0.69596
37063.589888000 -2.04723 -13.36063 0.13014 0.70461 0.00211 -0.13859 0.69593
37063.614464000 -2.06873 -13.48885 0.13117 0.70461 0.00232 -0.13878 0.69589
37063.639040000 -2.09049 -13.61643 0.13171 0.70469 0.00257 -0.13899 0.69577
37063.663616000 -2.11323 -13.74489 0.13162 0.70475 0.00247 -0.13891 0.69572
37063.688192000 -2.13488 -13.87312 0.13229 0.70478 0.00243 -0.13870 0.69573
37063.712768000 -2.15701 -14.00111 0.13296 0.70472 0.00241 -0.13867 0.69580
37063.737344000 -2.17879 -14.13042 0.13539 0.70453 0.00241 -0.13854 0.69601
37063.761920000 -2.20106 -14.25952 0.13715 0.70441 0.00241 -0.13848 0.69615
37063.786496000 -2.22262 -14.38678 0.13813 0.70428 0.00298 -0.13892 0.69619
37063.811072000 -2.24527 -14.51527 0.13880 0.70424 0.00290 -0.13879 0.69626
37063.839744000 -2.27073 -14.66476 0.14016 0.70417 0.00325 -0.13905 0.69627
37063.864320000 -2.29164 -14.79407 0.14272 0.70400 0.00366 -0.13946 0.69636
37063.888896000 -2.31337 -14.92126 0.14334 0.70407 0.00473 -0.14043 0.69609
37063.913472000 -2.33500 -15.05193 0.14327 0.70415 0.00476 -0.14045 0.69600
37063.938048000 -2.35782 -15.18216 0.14300 0.70438 0.00462 -0.14034 0.69579
37063.962624000 -2.37994 -15.31309 0.14358 0.70465 0.00447 -0.14021 0.69555
37063.987200000 -2.40173 -15.44434 0.14418 0.70493 0.00445 -0.14018 0.69527
37064.011776000 -2.42333 -15.57239 0.14361 0.70530 0.00540 -0.14098 0.69473
37064.036352000 -2.44398 -15.70352 0.14302 0.70551 0.00563 -0.14127 0.69445
37064.065024000 -2.46810 -15.85590 0.14280 0.70574 0.00603 -0.14164 0.69414
37064.089600000 -2.48884 -15.98638 0.14287 0.70590 0.00639 -0.14188 0.69393
37064.114176000 -2.51026 -16.11732 0.14330 0.70600 0.00653 -0.14189 0.69382
37064.138752000 -2.53218 -16.24752 0.14376 0.70605 0.00650 -0.14173 0.69380
37064.163328000 -2.55765 -16.37104 0.14614 0.70607 0.00798 -0.14281 0.69355
37064.187904000 -2.57842 -16.50316 0.14875 0.70600 0.00809 -0.14269 0.69364
37064.212480000 -2.60044 -16.63337 0.15005 0.70599 0.00813 -0.14242 0.69370
37064.237056000 -2.62220 -16.76366 0.15149 0.70599 0.00832 -0.14223 0.69374
37064.261632000 -2.64885 -16.89089 0.15596 0.70593 0.00969 -0.14288 0.69366
37064.286208000 -2.67000 -17.02169 0.15776 0.70595 0.01014 -0.14289 0.69362
37064.314880000 -2.69525 -17.17399 0.15937 0.70598 0.01048 -0.14295 0.69358
37064.339456000 -2.71654 -17.30460 0.16097 0.70595 0.01088 -0.14306 0.69358
37064.364032000 -2.73738 -17.43550 0.16290 0.70583 0.01136 -0.14328 0.69364
37064.388608000 -2.75884 -17.56798 0.16189 0.70581 0.01119 -0.14310 0.69371
37064.413184000 -2.78477 -17.70006 0.16684 0.70565 0.01132 -0.14289 0.69391
37064.437760000 -2.80531 -17.83088 0.16616 0.70552 0.01154 -0.14294 0.69403
37064.462336000 -2.82642 -17.96207 0.16629 0.70544 0.01175 -0.14288 0.69412
37064.486912000 -2.85036 -18.09641 0.16961 0.70527 0.01185 -0.14266 0.69434
37064.511488000 -2.87047 -18.22601 0.17047 0.70518 0.01219 -0.14276 0.69441
37064.536064000 -2.89069 -18.35666 0.17135 0.70509 0.01246 -0.14275 0.69449
37064.564736000 -2.91454 -18.50786 0.17300 0.70499 0.01264 -0.14261 0.69461
37064.589312000 -2.93529 -18.63577 0.17448 0.70493 0.01323 -0.14280 0.69463
37064.613888000 -2.95738 -18.76491 0.17529 0.70498 0.01322 -0.14246 0.69464
37064.638464000 -2.98398 -18.90184 0.18389 0.70506 0.01326 -0.14190 0.69468
37064.663040000 -3.00449 -19.03199 0.18539 0.70516 0.01346 -0.14168 0.69462
37064.687616000 -3.02553 -19.16195 0.18720 0.70523 0.01380 -0.14166 0.69454
37064.712192000 -3.04772 -19.29178 0.18849 0.70533 0.01415 -0.14172 0.69443
37064.736768000 -3.06863 -19.42130 0.18992 0.70539 0.01463 -0.14202 0.69429
37064.761344000 -3.09268 -19.55861 0.19520 0.70544 0.01459 -0.14164 0.69432
37064.790016000 -3.11422 -19.70781 0.19321 0.70563 0.01450 -0.14167 0.69412
37064.814592000 -3.13375 -19.83855 0.19343 0.70582 0.01454 -0.14156 0.69395
37064.839168000 -3.15290 -19.96929 0.19440 0.70594 0.01472 -0.14160 0.69382
37064.863744000 -3.17212 -20.09816 0.19402 0.70608 0.01487 -0.14160 0.69368
37064.888320000 -3.19992 -20.23415 0.19785 0.70647 0.01515 -0.14128 0.69333
37064.912896000 -3.21652 -20.36626 0.19657 0.70641 0.01460 -0.14072 0.69352
37064.937472000 -3.23529 -20.49674 0.19812 0.70643 0.01446 -0.14028 0.69359
37064.962048000 -3.25715 -20.62819 0.19950 0.70659 0.01416 -0.13961 0.69358
37064.986624000 -3.27761 -20.75740 0.20085 0.70673 0.01401 -0.13923 0.69351
37065.011200000 -3.30458 -20.89447 0.20151 0.70710 0.01267 -0.13745 0.69351
37065.039872000 -3.32799 -21.04383 0.20111 0.70730 0.01224 -0.13684 0.69344
37065.064448000 -3.34725 -21.17090 0.20097 0.70738 0.01233 -0.13669 0.69338
37065.089024000 -3.36737 -21.29999 0.20247 0.70752 0.01223 -0.13638 0.69330
37065.113600000 -3.39103 -21.43463 0.20629 0.70763 0.01119 -0.13497 0.69348
37065.138176000 -3.41118 -21.56345 0.20870 0.70765 0.01073 -0.13430 0.69360
37065.162752000 -3.43089 -21.69196 0.21109 0.70757 0.01079 -0.13414 0.69371
37065.187328000 -3.45145 -21.82002 0.21187 0.70756 0.01093 -0.13400 0.69375
37065.211904000 -3.47037 -21.95901 0.21898 0.70700 0.00929 -0.13225 0.69468
37065.236480000 -3.49174 -22.08935 0.21807 0.70691 0.00906 -0.13194 0.69483
37065.261056000 -3.51212 -22.21903 0.21783 0.70685 0.00884 -0.13157 0.69497
37065.289728000 -3.53403 -22.36669 0.21970 0.70665 0.00873 -0.13147 0.69519
37065.314304000 -3.55790 -22.50186 0.22053 0.70651 0.00752 -0.13010 0.69560
37065.338880000 -3.57398 -22.62880 0.22258 0.70605 0.00769 -0.13020 0.69605
37065.363456000 -3.59085 -22.75689 0.22443 0.70562 0.00792 -0.13034 0.69646
37065.388032000 -3.61338 -22.88119 0.22258 0.70595 0.00821 -0.13028 0.69613
37065.412608000 -3.63439 -23.01550 0.22807 0.70592 0.00764 -0.12921 0.69637
37065.437184000 -3.65397 -23.13945 0.22783 0.70596 0.00809 -0.12951 0.69626
37065.461760000 -3.67328 -23.26645 0.22952 0.70586 0.00831 -0.12949 0.69637
37065.486336000 -3.69201 -23.39374 0.23135 0.70571 0.00843 -0.12937 0.69654
37065.515008000 -3.71416 -23.54512 0.23615 0.70546 0.00801 -0.12860 0.69694
37065.539584000 -3.73507 -23.67069 0.23470 0.70540 0.00813 -0.12854 0.69700
37065.564160000 -3.75434 -23.79854 0.23476 0.70524 0.00826 -0.12853 0.69717
37065.588736000 -3.77274 -23.92608 0.23668 0.70506 0.00834 -0.12844 0.69737
37065.613312000 -3.79004 -24.05892 0.23794 0.70462 0.00852 -0.12819 0.69786
37065.637888000 -3.81038 -24.18446 0.23960 0.70478 0.00862 -0.12820 0.69769
37065.662464000 -3.83008 -24.31208 0.24050 0.70485 0.00867 -0.12802 0.69766
37065.687040000 -3.84634 -24.44182 0.24146 0.70463 0.00894 -0.12807 0.69786
37065.711616000 -3.86573 -24.56821 0.24268 0.70466 0.00901 -0.12806 0.69784
37065.736192000 -3.88522 -24.69594 0.24307 0.70468 0.00901 -0.12798 0.69783
37065.764864000 -3.90662 -24.84417 0.24548 0.70473 0.00905 -0.12803 0.69777
37065.789440000 -3.92455 -24.97194 0.24773 0.70475 0.00917 -0.12816 0.69772
37065.814016000 -3.93474 -25.09843 0.24767 0.70421 0.00960 -0.12868 0.69817
37065.838592000 -3.95307 -25.22546 0.25067 0.70436 0.01003 -0.12909 0.69793
37065.863168000 -3.96489 -25.34966 0.25173 0.70403 0.01045 -0.12972 0.69814
37065.887744000 -3.98295 -25.47576 0.25386 0.70403 0.01075 -0.13006 0.69808
37065.912320000 -4.00055 -25.60276 0.25578 0.70396 0.01093 -0.13022 0.69811
37065.936896000 -4.01857 -25.73019 0.25744 0.70383 0.01097 -0.13028 0.69823
37065.961472000 -4.03392 -25.85320 0.26382 0.70342 0.01147 -0.13091 0.69852
37065.986048000 -4.05324 -25.98063 0.26442 0.70339 0.01153 -0.13098 0.69854
37066.014720000 -4.07517 -26.12854 0.26499 0.70341 0.01135 -0.13084 0.69854
37066.039296000 -4.09338 -26.25202 0.26998 0.70325 0.01136 -0.13092 0.69869
37066.063872000 -4.11219 -26.38047 0.27221 0.70325 0.01143 -0.13105 0.69867
37066.088448000 -4.13050 -26.50814 0.27608 0.70322 0.01156 -0.13120 0.69866
37066.113024000 -4.14901 -26.63585 0.27849 0.70327 0.01163 -0.13142 0.69858
37066.137600000 -4.16751 -26.76391 0.27919 0.70335 0.01160 -0.13152 0.69847
37066.162176000 -4.18449 -26.88902 0.28551 0.70324 0.01191 -0.13192 0.69851
37066.186752000 -4.20200 -27.01415 0.29094 0.70318 0.01214 -0.13222 0.69851
37066.211328000 -4.22043 -27.14142 0.29283 0.70329 0.01220 -0.13244 0.69835
37066.240000000 -4.24147 -27.29027 0.29549 0.70342 0.01216 -0.13257 0.69820
37066.264576000 -4.25955 -27.41940 0.29726 0.70335 0.01205 -0.13263 0.69826
37066.289152000 -4.27740 -27.54723 0.29930 0.70333 0.01215 -0.13287 0.69823
37066.313728000 -4.29426 -27.67371 0.30400 0.70316 0.01230 -0.13310 0.69835
37066.338304000 -4.31217 -27.80268 0.30580 0.70309 0.01241 -0.13338 0.69837
37066.362880000 -4.32998 -27.93113 0.30768 0.70306 0.01252 -0.13370 0.69833
37066.387456000 -4.34631 -28.05649 0.31170 0.70311 0.01276 -0.13406 0.69821
37066.412032000 -4.36523 -28.18517 0.31269 0.70324 0.01279 -0.13411 0.69807
37066.436608000 -4.38341 -28.31263 0.31481 0.70338 0.01277 -0.13413 0.69792
37066.461184000 -4.40200 -28.44081 0.31708 0.70345 0.01262 -0.13406 0.69787
37066.489856000 -4.42501 -28.59146 0.31931 0.70349 0.01224 -0.13398 0.69786
37066.514432000 -4.44449 -28.71649 0.31984 0.70364 0.01190 -0.13377 0.69775
37066.539008000 -4.46478 -28.84617 0.32061 0.70359 0.01164 -0.13356 0.69784
37066.563584000 -4.48556 -28.97330 0.31982 0.70367 0.01159 -0.13357 0.69777
37066.588160000 -4.50399 -29.10215 0.32135 0.70358 0.01160 -0.13378 0.69781
37066.612736000 -4.52267 -29.23065 0.32343 0.70343 0.01146 -0.13390 0.69794
37066.637312000 -4.54329 -29.35950 0.32550 0.70318 0.01108 -0.13364 0.69825
37066.661888000 -4.56584 -29.48789 0.32561 0.70317 0.01094 -0.13377 0.69824
37066.686464000 -4.58851 -29.61860 0.32570 0.70310 0.01073 -0.13376 0.69832
37066.711040000 -4.60779 -29.74741 0.32782 0.70303 0.01068 -0.13392 0.69835
37066.739712000 -4.63135 -29.89822 0.33051 0.70299 0.01067 -0.13394 0.69839
37066.764288000 -4.65473 -30.03012 0.33208 0.70315 0.01066 -0.13387 0.69825
37066.788864000 -4.67804 -30.16182 0.33232 0.70330 0.01069 -0.13389 0.69809
37066.813440000 -4.69768 -30.29153 0.33387 0.70326 0.01074 -0.13404 0.69810
37066.838016000 -4.71758 -30.42191 0.33564 0.70316 0.01080 -0.13420 0.69816
37066.862592000 -4.73785 -30.55285 0.33773 0.70311 0.01078 -0.13434 0.69820
37066.887168000 -4.76007 -30.68427 0.33979 0.70322 0.01062 -0.13434 0.69809
37066.911744000 -4.77979 -30.81381 0.34117 0.70326 0.01047 -0.13446 0.69802
37066.936320000 -4.80228 -30.94465 0.34382 0.70343 0.01025 -0.13436 0.69787
37066.964992000 -4.82635 -31.09644 0.34675 0.70356 0.00996 -0.13426 0.69777
37066.989568000 -4.84742 -31.22829 0.34877 0.70374 0.00968 -0.13417 0.69761
37067.014144000 -4.86785 -31.36047 0.35170 0.70392 0.00946 -0.13409 0.69745
37067.038720000 -4.89111 -31.49228 0.35360 0.70417 0.00966 -0.13415 0.69717
37067.063296000 -4.91167 -31.62438 0.35526 0.70434 0.00975 -0.13432 0.69697
37067.087872000 -4.93411 -31.75676 0.35736 0.70455 0.00975 -0.13437 0.69675
37067.112448000 -4.95387 -31.88808 0.35937 0.70459 0.00962 -0.13446 0.69670
37067.137024000 -4.97446 -32.01953 0.36129 0.70456 0.00939 -0.13444 0.69673
37067.161600000 -4.99531 -32.15151 0.36326 0.70454 0.00914 -0.13433 0.69678
37067.186176000 -5.01689 -32.28289 0.36615 0.70456 0.00899 -0.13438 0.69675
37067.214848000 -5.04052 -32.43668 0.36860 0.70457 0.00907 -0.13444 0.69673
37067.239424000 -5.06098 -32.56870 0.37083 0.70460 0.00910 -0.13445 0.69669
37067.264000000 -5.08138 -32.70139 0.37259 0.70468 0.00905 -0.13440 0.69663
37067.288576000 -5.10272 -32.83625 0.37476 0.70480 0.00904 -0.13431 0.69652
37067.313152000 -5.12279 -32.96863 0.37661 0.70487 0.00906 -0.13425 0.69646
37067.337728000 -5.14279 -33.10237 0.37770 0.70498 0.00896 -0.13411 0.69637
37067.362304000 -5.16348 -33.23538 0.37865 0.70503 0.00886 -0.13392 0.69636
37067.386880000 -5.18390 -33.36782 0.37986 0.70502 0.00879 -0.13387 0.69638
37067.411456000 -5.20716 -33.50280 0.37950 0.70501 0.00878 -0.13380 0.69640
37067.436032000 -5.22860 -33.63582 0.38090 0.70511 0.00856 -0.13359 0.69635
37067.464704000 -5.25294 -33.79069 0.38227 0.70497 0.00846 -0.13346 0.69652
37067.489280000 -5.27380 -33.92458 0.38362 0.70488 0.00850 -0.13351 0.69659
37067.513856000 -5.29735 -34.06063 0.38462 0.70484 0.00871 -0.13359 0.69662
37067.538432000 -5.31727 -34.19378 0.38593 0.70471 0.00874 -0.13364 0.69674
37067.563008000 -5.33821 -34.32757 0.38875 0.70465 0.00887 -0.13376 0.69677
37067.587584000 -5.36064 -34.46190 0.39164 0.70463 0.00906 -0.13392 0.69676
37067.612160000 -5.38343 -34.59667 0.39438 0.70470 0.00923 -0.13414 0.69665
37067.636736000 -5.40949 -34.73287 0.39771 0.70494 0.00944 -0.13426 0.69638
37067.661312000 -5.43074 -34.86693 0.40114 0.70495 0.00954 -0.13428 0.69637
37067.689984000 -5.45355 -35.02282 0.40159 0.70491 0.00946 -0.13415 0.69643
37067.714560000 -5.48075 -35.15965 0.40275 0.70504 0.00973 -0.13403 0.69632
37067.739136000 -5.50169 -35.29482 0.40466 0.70503 0.00978 -0.13398 0.69633
37067.763712000 -5.52280 -35.43052 0.40563 0.70497 0.00981 -0.13394 0.69641
37067.788288000 -5.54462 -35.56542 0.40668 0.70489 0.00982 -0.13396 0.69649
37067.812864000 -5.56645 -35.70051 0.40820 0.70488 0.00974 -0.13387 0.69652
37067.837440000 -5.58892 -35.83601 0.40945 0.70488 0.00964 -0.13374 0.69654
37067.862016000 -5.61637 -35.97440 0.41020 0.70502 0.00976 -0.13367 0.69641
37067.886592000 -5.63729 -36.10963 0.41295 0.70504 0.00966 -0.13361 0.69640
37067.911168000 -5.65940 -36.24552 0.41496 0.70514 0.00979 -0.13370 0.69628
37067.939840000 -5.68344 -36.40380 0.41711 0.70522 0.00987 -0.13376 0.69619
37067.964416000 -5.70408 -36.53890 0.41883 0.70526 0.00993 -0.13390 0.69612
37067.988992000 -5.73118 -36.67898 0.41938 0.70545 0.01001 -0.13383 0.69594
37068.013568000 -5.75206 -36.81575 0.42093 0.70559 0.00999 -0.13387 0.69578
37068.038144000 -5.77332 -36.95264 0.42261 0.70564 0.01011 -0.13400 0.69571
37068.062720000 -5.79309 -37.08867 0.42366 0.70561 0.01017 -0.13404 0.69573
37068.087296000 -5.81553 -37.22940 0.42497 0.70581 0.01009 -0.13379 0.69558
37068.111872000 -5.83667 -37.36812 0.42669 0.70586 0.01001 -0.13367 0.69555
37068.136448000 -5.85758 -37.50464 0.42815 0.70594 0.00982 -0.13343 0.69552
37068.161024000 -5.87952 -37.64106 0.42996 0.70599 0.00974 -0.13328 0.69550
37068.189696000 -5.90518 -37.80136 0.43081 0.70610 0.00957 -0.13301 0.69544
37068.214272000 -5.92777 -37.93696 0.43169 0.70616 0.00932 -0.13292 0.69540
37068.238848000 -5.94971 -38.07386 0.43312 0.70629 0.00932 -0.13291 0.69527
37068.263424000 -5.97249 -38.21211 0.43352 0.70644 0.00919 -0.13279 0.69514
37068.288000000 -5.99459 -38.34918 0.43504 0.70661 0.00911 -0.13263 0.69500
37068.312576000 -6.01844 -38.48466 0.43560 0.70677 0.00893 -0.13262 0.69484
37068.337152000 -6.03946 -38.62076 0.43693 0.70683 0.00888 -0.13264 0.69477
37068.361728000 -6.06112 -38.75602 0.43806 0.70688 0.00878 -0.13257 0.69475
37068.386304000 -6.08300 -38.89380 0.43859 0.70684 0.00864 -0.13254 0.69479
37068.414976000 -6.10830 -39.04948 0.43892 0.70674 0.00850 -0.13236 0.69493
37068.439552000 -6.13001 -39.18370 0.43876 0.70663 0.00819 -0.13229 0.69506
37068.464128000 -6.15226 -39.32081 0.43990 0.70664 0.00814 -0.13214 0.69508
37068.488704000 -6.17395 -39.45832 0.44025 0.70660 0.00813 -0.13210 0.69512
37068.513280000 -6.19678 -39.59259 0.43807 0.70651 0.00807 -0.13203 0.69523
37068.537856000 -6.21969 -39.72793 0.43527 0.70638 0.00800 -0.13207 0.69536
37068.562432000 -6.24023 -39.86464 0.43711 0.70634 0.00791 -0.13204 0.69540
37068.587008000 -6.26088 -40.00161 0.43859 0.70628 0.00773 -0.13198 0.69547
37068.611584000 -6.28256 -40.13671 0.43891 0.70614 0.00759 -0.13191 0.69564
37068.636160000 -6.30359 -40.27365 0.44023 0.70611 0.00750 -0.13186 0.69568
37068.664832000 -6.32753 -40.43339 0.44106 0.70603 0.00769 -0.13188 0.69575
37068.689408000 -6.34789 -40.56876 0.44251 0.70587 0.00775 -0.13200 0.69589
37068.713984000 -6.36985 -40.70616 0.44272 0.70587 0.00780 -0.13194 0.69590
37068.738560000 -6.39153 -40.84286 0.44216 0.70577 0.00779 -0.13186 0.69602
37068.763136000 -6.41303 -40.97804 0.44271 0.70572 0.00787 -0.13178 0.69608
37068.787712000 -6.43326 -41.11575 0.44393 0.70568 0.00790 -0.13180 0.69612
37068.812288000 -6.45449 -41.25175 0.44568 0.70566 0.00803 -0.13171 0.69616
37068.836864000 -6.47588 -41.38841 0.44541 0.70560 0.00802 -0.13148 0.69626
37068.861440000 -6.49615 -41.52604 0.44590 0.70561 0.00798 -0.13143 0.69626
37068.886016000 -6.51681 -41.66258 0.44769 0.70567 0.00818 -0.13129 0.69622
37068.914688000 -6.54073 -41.82246 0.44842 0.70572 0.00829 -0.13129 0.69617
37068.939264000 -6.56053 -41.95845 0.45073 0.70579 0.00855 -0.13150 0.69605
37068.963840000 -6.58067 -42.09542 0.45178 0.70576 0.00873 -0.13152 0.69608
37068.988416000 -6.60112 -42.23251 0.45303 0.70569 0.00886 -0.13153 0.69615
37069.012992000 -6.62137 -42.36963 0.45374 0.70560 0.00895 -0.13157 0.69623
37069.037568000 -6.64198 -42.50650 0.45394 0.70549 0.00894 -0.13149 0.69635
37069.062144000 -6.66255 -42.64383 0.45490 0.70543 0.00898 -0.13146 0.69642
37069.086720000 -6.68315 -42.78082 0.45543 0.70534 0.00890 -0.13149 0.69651
37069.111296000 -6.70326 -42.91787 0.45616 0.70528 0.00908 -0.13152 0.69656
37069.139968000 -6.72658 -43.07757 0.45710 0.70511 0.00929 -0.13157 0.69672
37069.164544000 -6.74682 -43.21463 0.45788 0.70492 0.00940 -0.13151 0.69692
37069.189120000 -6.76804 -43.35169 0.45870 0.70474 0.00937 -0.13127 0.69715
37069.213696000 -6.78912 -43.48801 0.45999 0.70449 0.00920 -0.13096 0.69746
37069.238272000 -6.81128 -43.62465 0.46156 0.70429 0.00884 -0.13058 0.69775
37069.262848000 -6.83239 -43.76125 0.46291 0.70408 0.00861 -0.13030 0.69801
37069.287424000 -6.85409 -43.89813 0.46432 0.70390 0.00828 -0.12992 0.69827
37069.312000000 -6.87614 -44.03530 0.46599 0.70376 0.00802 -0.12957 0.69847
37069.336576000 -6.89899 -44.17226 0.46692 0.70365 0.00788 -0.12928 0.69864
37069.361152000 -6.91975 -44.30985 0.46777 0.70358 0.00776 -0.12912 0.69874
37069.389824000 -6.94651 -44.47048 0.46855 0.70362 0.00751 -0.12893 0.69874
37069.414400000 -6.96765 -44.60977 0.46900 0.70373 0.00743 -0.12895 0.69863
37069.438976000 -6.98910 -44.74750 0.46927 0.70389 0.00731 -0.12902 0.69846
37069.463552000 -7.01044 -44.88560 0.46924 0.70408 0.00709 -0.12887 0.69829
37069.488128000 -7.03067 -45.02435 0.46933 0.70433 0.00708 -0.12914 0.69799
37069.512704000 -7.05337 -45.16265 0.46929 0.70464 0.00717 -0.12916 0.69767
37069.537280000 -7.07622 -45.30202 0.46935 0.70493 0.00711 -0.12899 0.69741
37069.561856000 -7.09573 -45.44136 0.46866 0.70508 0.00725 -0.12911 0.69723
37069.586432000 -7.11593 -45.58055 0.46885 0.70527 0.00727 -0.12913 0.69704
37069.611008000 -7.13676 -45.71905 0.46895 0.70549 0.00722 -0.12913 0.69682
37069.639680000 -7.16088 -45.88095 0.46940 0.70571 0.00718 -0.12900 0.69662
37069.664256000 -7.18233 -46.02162 0.47073 0.70601 0.00710 -0.12863 0.69638
37069.688832000 -7.20339 -46.16046 0.47087 0.70624 0.00719 -0.12863 0.69616
37069.713408000 -7.22722 -46.29978 0.47258 0.70659 0.00713 -0.12791 0.69593
37069.737984000 -7.24887 -46.43771 0.47333 0.70671 0.00709 -0.12777 0.69584
37069.762560000 -7.27094 -46.57575 0.47443 0.70679 0.00683 -0.12737 0.69583
37069.787136000 -7.29325 -46.71401 0.47606 0.70693 0.00667 -0.12698 0.69576
37069.811712000 -7.31681 -46.85262 0.47878 0.70709 0.00660 -0.12649 0.69569
37069.836288000 -7.33709 -46.98922 0.47953 0.70704 0.00663 -0.12645 0.69575
37069.864960000 -7.36053 -47.14857 0.48035 0.70691 0.00677 -0.12655 0.69585
37069.889536000 -7.38045 -47.28542 0.48138 0.70681 0.00675 -0.12649 0.69597
37069.914112000 -7.40413 -47.42283 0.48127 0.70682 0.00639 -0.12591 0.69607
37069.938688000 -7.42293 -47.55721 0.48293 0.70662 0.00626 -0.12602 0.69625
37069.963264000 -7.44149 -47.69268 0.48160 0.70627 0.00662 -0.12642 0.69653
37069.987840000 -7.45966 -47.82859 0.48049 0.70593 0.00738 -0.12697 0.69677
37070.012416000 -7.47649 -47.96391 0.47946 0.70545 0.00831 -0.12770 0.69711
37070.036992000 -7.49557 -48.10113 0.48115 0.70515 0.00853 -0.12763 0.69743
37070.061568000 -7.51512 -48.23619 0.48146 0.70496 0.00870 -0.12759 0.69762
37070.086144000 -7.53531 -48.37171 0.48133 0.70491 0.00893 -0.12756 0.69767
37070.114816000 -7.55881 -48.52931 0.48107 0.70494 0.00907 -0.12749 0.69765
37070.139392000 -7.57843 -48.66516 0.48162 0.70502 0.00918 -0.12731 0.69760
37070.163968000 -7.59684 -48.80325 0.48401 0.70522 0.00889 -0.12667 0.69752
37070.188544000 -7.61780 -48.93912 0.48214 0.70545 0.00890 -0.12652 0.69732
37070.213120000 -7.63742 -49.07603 0.48180 0.70567 0.00899 -0.12646 0.69711
37070.237696000 -7.65921 -49.20944 0.48072 0.70589 0.00901 -0.12659 0.69685
37070.262272000 -7.67659 -49.34551 0.48060 0.70616 0.00920 -0.12686 0.69654
37070.286848000 -7.69576 -49.48248 0.48064 0.70645 0.00929 -0.12691 0.69623
37070.311424000 -7.71323 -49.61754 0.48166 0.70663 0.00942 -0.12713 0.69600
37070.336000000 -7.73250 -49.75004 0.48260 0.70679 0.00934 -0.12718 0.69583
37070.364672000 -7.75330 -49.90533 0.48237 0.70679 0.00930 -0.12715 0.69585
37070.389248000 -7.77222 -50.03814 0.48195 0.70678 0.00936 -0.12722 0.69583
37070.413824000 -7.78319 -50.17734 0.48317 0.70676 0.00986 -0.12800 0.69571
37070.438400000 -7.80959 -50.30732 0.48388 0.70711 0.00993 -0.12803 0.69535
37070.462976000 -7.82904 -50.44055 0.48498 0.70734 0.01013 -0.12809 0.69510
37070.487552000 -7.84790 -50.57347 0.48591 0.70744 0.01014 -0.12811 0.69499
37070.512128000 -7.86805 -50.70553 0.48623 0.70749 0.01014 -0.12794 0.69497
37070.536704000 -7.88932 -50.83630 0.48511 0.70730 0.01019 -0.12793 0.69516
37070.561280000 -7.92047 -50.97111 0.42050 0.71166 0.02570 -0.14427 0.68707
37070.589952000 -7.93524 -51.12074 0.48004 0.70699 0.01304 -0.13035 0.69499
37070.614528000 -7.95182 -51.25405 0.47945 0.70668 0.01202 -0.12906 0.69556
37070.639104000 -7.97486 -51.38353 0.47977 0.70654 0.01159 -0.12837 0.69584
37070.663680000 -7.99570 -51.51538 0.47968 0.70640 0.01133 -0.12782 0.69608
37070.688256000 -8.01662 -51.65064 0.47729 0.70631 0.01130 -0.12777 0.69618
37070.712832000 -8.03877 -51.77661 0.47549 0.70611 0.01121 -0.12766 0.69641
37070.737408000 -8.05789 -51.90795 0.47432 0.70594 0.01114 -0.12761 0.69659
37070.761984000 -8.07326 -52.03822 0.47464 0.70579 0.01128 -0.12792 0.69669
37070.786560000 -8.08691 -52.17084 0.47668 0.70579 0.01140 -0.12816 0.69664
37070.811136000 -8.10416 -52.30001 0.47851 0.70575 0.01137 -0.12837 0.69664
37070.839808000 -8.12450 -52.44995 0.47713 0.70555 0.01147 -0.12841 0.69683
37070.864384000 -8.14109 -52.58077 0.47590 0.70548 0.01161 -0.12850 0.69689
37070.888960000 -8.16501 -52.70806 0.47644 0.70564 0.01155 -0.12809 0.69680
37070.913536000 -8.18798 -52.83654 0.47028 0.70560 0.01198 -0.12805 0.69684
37070.938112000 -8.20462 -52.96795 0.46943 0.70553 0.01218 -0.12797 0.69693
37070.962688000 -8.22535 -53.10204 0.46597 0.70553 0.01274 -0.12825 0.69686
37070.987264000 -8.24466 -53.23305 0.46618 0.70550 0.01304 -0.12849 0.69685
37071.011840000 -8.25924 -53.36487 0.46618 0.70547 0.01324 -0.12878 0.69681
37071.036416000 -8.27546 -53.49479 0.46619 0.70536 0.01327 -0.12905 0.69688
37071.065088000 -8.29635 -53.64629 0.46730 0.70533 0.01341 -0.12920 0.69688
37071.089664000 -8.31510 -53.77950 0.46666 0.70541 0.01356 -0.12939 0.69676
37071.114240000 -8.33482 -53.90850 0.46786 0.70548 0.01394 -0.12963 0.69663
37071.138816000 -8.35108 -54.03668 0.46858 0.70539 0.01425 -0.13000 0.69665
37071.163392000 -8.36984 -54.16599 0.46911 0.70532 0.01438 -0.13000 0.69672
37071.187968000 -8.38956 -54.29322 0.47064 0.70534 0.01444 -0.12987 0.69672
37071.212544000 -8.40891 -54.42442 0.47006 0.70540 0.01459 -0.12989 0.69665
37071.237120000 -8.42716 -54.55892 0.47051 0.70566 0.01529 -0.13047 0.69627
37071.261696000 -8.44546 -54.68905 0.47112 0.70554 0.01579 -0.13102 0.69627
37071.286272000 -8.46429 -54.81825 0.47180 0.70546 0.01608 -0.13125 0.69631
37071.314944000 -8.48612 -54.96570 0.47345 0.70531 0.01618 -0.13120 0.69646
37071.339520000 -8.50458 -55.09382 0.47368 0.70522 0.01615 -0.13115 0.69657
37071.364096000 -8.52087 -55.22390 0.47901 0.70527 0.01744 -0.13262 0.69620
37071.388672000 -8.54033 -55.35497 0.48038 0.70517 0.01870 -0.13385 0.69604
37071.413248000 -8.55915 -55.48449 0.48026 0.70513 0.01882 -0.13396 0.69606
37071.437824000 -8.57691 -55.61449 0.47828 0.70502 0.01846 -0.13376 0.69622
37071.462400000 -8.59302 -55.74097 0.47876 0.70488 0.01800 -0.13336 0.69644
37071.486976000 -8.60999 -55.87167 0.47962 0.70483 0.01787 -0.13346 0.69648
37071.511552000 -8.62486 -56.00285 0.48623 0.70480 0.02019 -0.13603 0.69595
37071.536128000 -8.64367 -56.13078 0.48617 0.70467 0.02112 -0.13716 0.69583
37071.564800000 -8.66300 -56.27868 0.48952 0.70449 0.02207 -0.13818 0.69579
37071.589376000 -8.68038 -56.40821 0.49077 0.70443 0.02206 -0.13827 0.69583
37071.613952000 -8.70173 -56.53786 0.49134 0.70445 0.02185 -0.13798 0.69587
37071.638528000 -8.72354 -56.66711 0.50333 0.70432 0.02485 -0.14072 0.69536
37071.663104000 -8.73959 -56.79857 0.50805 0.70419 0.02678 -0.14280 0.69499
37071.687680000 -8.75904 -56.92868 0.51186 0.70410 0.02756 -0.14352 0.69490
37071.712256000 -8.77815 -57.06147 0.51200 0.70418 0.02744 -0.14349 0.69483
37071.736832000 -8.79622 -57.19262 0.51378 0.70405 0.02732 -0.14340 0.69499
37071.761408000 -8.81473 -57.32704 0.52631 0.70374 0.03066 -0.14661 0.69449
37071.790080000 -8.84100 -57.47395 0.52192 0.70395 0.02786 -0.14399 0.69494
37071.814656000 -8.86047 -57.60876 0.52951 0.70387 0.02926 -0.14550 0.69465
37071.839232000 -8.88086 -57.74015 0.53040 0.70395 0.02871 -0.14503 0.69469
37071.863808000 -8.90115 -57.86984 0.53280 0.70398 0.02820 -0.14469 0.69476
37071.888384000 -8.92091 -57.99925 0.53372 0.70413 0.02770 -0.14435 0.69469
37071.912960000 -8.93977 -58.13021 0.53622 0.70435 0.02761 -0.14436 0.69447
37071.937536000 -8.95915 -58.26207 0.53862 0.70449 0.02747 -0.14435 0.69434
37071.962112000 -8.98007 -58.39195 0.53944 0.70452 0.02699 -0.14390 0.69441
37071.986688000 -8.99966 -58.52277 0.54069 0.70458 0.02665 -0.14367 0.69442
37072.011264000 -9.02048 -58.65142 0.54029 0.70474 0.02601 -0.14305 0.69441
37072.039936000 -9.04419 -58.80536 0.54156 0.70474 0.02601 -0.14305 0.69441
37072.064512000 -9.06308 -58.93465 0.54143 0.70474 0.02559 -0.14296 0.69444
37072.089088000 -9.08093 -59.06879 0.54276 0.70480 0.02586 -0.14343 0.69427
37072.113664000 -9.09968 -59.20045 0.54482 0.70488 0.02605 -0.14367 0.69413
37072.138240000 -9.12061 -59.32740 0.54643 0.70501 0.02613 -0.14386 0.69396
37072.162816000 -9.13865 -59.46161 0.54684 0.70508 0.02604 -0.14389 0.69388
37072.187392000 -9.15838 -59.59391 0.54765 0.70523 0.02596 -0.14376 0.69377
37072.211968000 -9.17950 -59.72423 0.54808 0.70533 0.02525 -0.14302 0.69384
37072.236544000 -9.19898 -59.85580 0.54865 0.70542 0.02489 -0.14258 0.69385
37072.261120000 -9.21892 -59.98848 0.55027 0.70555 0.02489 -0.14242 0.69375
37072.289792000 -9.24181 -60.14208 0.55059 0.70552 0.02405 -0.14169 0.69397
37072.314368000 -9.26138 -60.27599 0.55174 0.70552 0.02398 -0.14178 0.69395
37072.338944000 -9.28065 -60.40921 0.55377 0.70553 0.02440 -0.14214 0.69385
37072.363520000 -9.29929 -60.54200 0.55653 0.70553 0.02483 -0.14263 0.69373
37072.388096000 -9.31905 -60.67480 0.55851 0.70555 0.02491 -0.14270 0.69370
37072.412672000 -9.33924 -60.80800 0.55981 0.70548 0.02489 -0.14264 0.69378
37072.437248000 -9.35947 -60.94062 0.56038 0.70546 0.02468 -0.14244 0.69385
37072.461824000 -9.38019 -61.07447 0.56097 0.70554 0.02451 -0.14224 0.69382
37072.486400000 -9.39988 -61.20833 0.56141 0.70553 0.02447 -0.14212 0.69385
37072.515072000 -9.42273 -61.36376 0.56212 0.70546 0.02418 -0.14185 0.69399
37072.539648000 -9.44214 -61.49812 0.56278 0.70537 0.02419 -0.14193 0.69406
37072.564224000 -9.46087 -61.63334 0.56441 0.70525 0.02439 -0.14226 0.69411
37072.588800000 -9.47989 -61.76680 0.56618 0.70505 0.02445 -0.14239 0.69428
37072.613376000 -9.49914 -61.90010 0.56782 0.70486 0.02437 -0.14241 0.69447
37072.637952000 -9.51862 -62.03521 0.56999 0.70472 0.02494 -0.14287 0.69451
37072.662528000 -9.53803 -62.16905 0.57109 0.70450 0.02501 -0.14287 0.69472
37072.687104000 -9.55793 -62.30311 0.57148 0.70436 0.02495 -0.14276 0.69490
37072.711680000 -9.57711 -62.43728 0.57285 0.70425 0.02508 -0.14284 0.69498
37072.736256000 -9.59741 -62.57270 0.57336 0.70424 0.02512 -0.14280 0.69500
37072.764928000 -9.61999 -62.72980 0.57481 0.70417 0.02503 -0.14273 0.69508
37072.789504000 -9.64006 -62.86504 0.57539 0.70415 0.02485 -0.14263 0.69514
37072.814080000 -9.65964 -63.00006 0.57681 0.70411 0.02474 -0.14238 0.69523
37072.838656000 -9.67951 -63.13697 0.57902 0.70415 0.02506 -0.14279 0.69509
37072.863232000 -9.70033 -63.27262 0.57996 0.70404 0.02492 -0.14260 0.69524
37072.887808000 -9.72142 -63.40781 0.58039 0.70396 0.02459 -0.14231 0.69540
37072.912384000 -9.74168 -63.54311 0.58168 0.70388 0.02453 -0.14222 0.69550
37072.936960000 -9.75913 -63.68017 0.58498 0.70375 0.02496 -0.14288 0.69549
37072.961536000 -9.77897 -63.81606 0.58622 0.70363 0.02508 -0.14297 0.69558
37072.986112000 -9.79865 -63.95180 0.58811 0.70366 0.02519 -0.14321 0.69550
37073.014784000 -9.82212 -64.11010 0.58999 0.70368 0.02519 -0.14334 0.69546
37073.039360000 -9.84171 -64.24746 0.59046 0.70381 0.02516 -0.14333 0.69532
37073.063936000 -9.86183 -64.38515 0.59195 0.70394 0.02539 -0.14349 0.69515
37073.088512000 -9.88052 -64.52379 0.59313 0.70407 0.02551 -0.14362 0.69498
37073.113088000 -9.89944 -64.66129 0.59448 0.70423 0.02568 -0.14393 0.69475
37073.137664000 -9.92083 -64.79726 0.59559 0.70436 0.02610 -0.14442 0.69451
37073.162240000 -9.94158 -64.93314 0.59614 0.70435 0.02607 -0.14449 0.69450
37073.186816000 -9.96072 -65.06955 0.59700 0.70442 0.02599 -0.14461 0.69441
37073.211392000 -9.97971 -65.20639 0.59827 0.70444 0.02609 -0.14478 0.69435
37073.240064000 -10.00281 -65.36562 0.60019 0.70444 0.02643 -0.14508 0.69427
37073.264640000 -10.02374 -65.50242 0.60442 0.70451 0.02736 -0.14572 0.69403
37073.289216000 -10.04359 -65.64083 0.60646 0.70452 0.02738 -0.14576 0.69402
37073.313792000 -10.06396 -65.77881 0.60911 0.70457 0.02722 -0.14547 0.69403
37073.338368000 -10.08487 -65.91631 0.61184 0.70454 0.02719 -0.14523 0.69412
37073.362944000 -10.10539 -66.05256 0.61296 0.70443 0.02700 -0.14490 0.69430
37073.387520000 -10.12853 -66.18730 0.61519 0.70448 0.02670 -0.14425 0.69440
37073.412096000 -10.14852 -66.32507 0.61705 0.70437 0.02628 -0.14391 0.69460
37073.436672000 -10.16871 -66.46238 0.61895 0.70422 0.02589 -0.14363 0.69482
37073.461248000 -10.18932 -66.59993 0.62107 0.70400 0.02564 -0.14344 0.69509
37073.489920000 -10.21410 -66.75996 0.62274 0.70380 0.02524 -0.14302 0.69540
37073.514496000 -10.23768 -66.89402 0.62475 0.70372 0.02480 -0.14247 0.69560
37073.539072000 -10.25657 -67.03516 0.62738 0.70363 0.02478 -0.14258 0.69567
37073.563648000 -10.27791 -67.17138 0.62871 0.70341 0.02452 -0.14248 0.69592
37073.588224000 -10.29746 -67.30924 0.62960 0.70322 0.02441 -0.14242 0.69614
37073.612800000 -10.31723 -67.44785 0.63139 0.70307 0.02467 -0.14267 0.69623
37073.637376000 -10.34053 -67.58537 0.62903 0.70301 0.02462 -0.14250 0.69632
37073.661952000 -10.36041 -67.72444 0.62964 0.70295 0.02487 -0.14271 0.69633
37073.686528000 -10.37763 -67.86136 0.63061 0.70288 0.02512 -0.14302 0.69632
37073.711104000 -10.39427 -68.00089 0.63126 0.70290 0.02535 -0.14333 0.69623
37073.739776000 -10.41546 -68.16497 0.63214 0.70303 0.02553 -0.14366 0.69603
37073.764352000 -10.43327 -68.30160 0.63385 0.70318 0.02584 -0.14412 0.69578
37073.784832000 -10.45175 -68.41941 0.63246 0.70342 0.02576 -0.14396 0.69557
37073.813504000 -10.47576 -68.58302 0.63284 0.70375 0.02582 -0.14385 0.69525
37073.838080000 -10.49515 -68.72260 0.63384 0.70410 0.02586 -0.14385 0.69490
37073.862656000 -10.51559 -68.86248 0.63642 0.70452 0.02601 -0.14399 0.69443
37073.887232000 -10.53389 -68.99892 0.64044 0.70478 0.02626 -0.14424 0.69411
37073.911808000 -10.55615 -69.13688 0.64164 0.70498 0.02618 -0.14413 0.69394
37073.936384000 -10.57979 -69.27288 0.64037 0.70516 0.02540 -0.14335 0.69394
37073.965056000 -10.60312 -69.43592 0.64129 0.70534 0.02476 -0.14275 0.69391
37073.989632000 -10.62287 -69.57932 0.64295 0.70546 0.02418 -0.14216 0.69393
37074.014208000 -10.64817 -69.71652 0.64491 0.70559 0.02385 -0.14161 0.69392
37074.038784000 -10.66843 -69.85686 0.64620 0.70567 0.02371 -0.14155 0.69386
37074.063360000 -10.68962 -69.99822 0.64587 0.70579 0.02358 -0.14139 0.69377
37074.087936000 -10.70910 -70.13706 0.64697 0.70579 0.02347 -0.14144 0.69376
37074.112512000 -10.72436 -70.27508 0.64653 0.70564 0.02294 -0.14129 0.69396
37074.137088000 -10.73933 -70.41194 0.64684 0.70542 0.02244 -0.14103 0.69425
37074.161664000 -10.75941 -70.55374 0.64844 0.70544 0.02284 -0.14149 0.69413
37074.186240000 -10.77963 -70.69517 0.64929 0.70540 0.02333 -0.14200 0.69405
37074.214912000 -10.80288 -70.85948 0.65411 0.70537 0.02471 -0.14323 0.69378
37074.239488000 -10.82214 -71.00086 0.65525 0.70533 0.02537 -0.14393 0.69365
37074.264064000 -10.84184 -71.13723 0.65434 0.70520 0.02551 -0.14396 0.69377
37074.288640000 -10.86443 -71.27605 0.65495 0.70512 0.02577 -0.14398 0.69384
37074.313216000 -10.88481 -71.41887 0.65561 0.70506 0.02610 -0.14420 0.69384
37074.337792000 -10.90595 -71.56086 0.65557 0.70509 0.02622 -0.14416 0.69381
37074.362368000 -10.92698 -71.70126 0.65263 0.70512 0.02586 -0.14367 0.69390
37074.386944000 -10.95083 -71.84339 0.65268 0.70516 0.02601 -0.14357 0.69387
37074.411520000 -10.97364 -71.98421 0.65159 0.70529 0.02595 -0.14337 0.69378
37074.436096000 -10.99500 -72.12599 0.65075 0.70543 0.02597 -0.14339 0.69364
37074.464768000 -11.01746 -72.28884 0.65143 0.70549 0.02594 -0.14335 0.69359
37074.489344000 -11.03812 -72.43034 0.65347 0.70555 0.02620 -0.14371 0.69344
37074.513920000 -11.06018 -72.57324 0.65195 0.70569 0.02610 -0.14364 0.69332
37074.538496000 -11.08250 -72.71338 0.65112 0.70579 0.02586 -0.14338 0.69328
37074.563072000 -11.10339 -72.85707 0.65065 0.70585 0.02585 -0.14352 0.69319
37074.587648000 -11.12366 -72.99674 0.65132 0.70580 0.02571 -0.14338 0.69327
37074.612224000 -11.14450 -73.13837 0.65087 0.70579 0.02563 -0.14334 0.69329
37074.636800000 -11.16545 -73.27960 0.65081 0.70576 0.02565 -0.14334 0.69332
37074.661376000 -11.18471 -73.42137 0.64998 0.70573 0.02550 -0.14333 0.69336
37074.690048000 -11.20699 -73.58676 0.65243 0.70562 0.02585 -0.14366 0.69339
37074.714624000 -11.22547 -73.72928 0.65564 0.70550 0.02615 -0.14409 0.69341
37074.739200000 -11.24803 -73.87520 0.65424 0.70546 0.02580 -0.14395 0.69350
37074.763776000 -11.26920 -74.01747 0.65429 0.70541 0.02563 -0.14389 0.69357
37074.788352000 -11.28952 -74.16058 0.65480 0.70534 0.02563 -0.14398 0.69362
37074.812928000 -11.31090 -74.30022 0.65644 0.70520 0.02592 -0.14436 0.69367
37074.837504000 -11.33297 -74.44804 0.65755 0.70509 0.02638 -0.14487 0.69366
37074.862080000 -11.35501 -74.59085 0.65745 0.70499 0.02638 -0.14494 0.69375
37074.886656000 -11.37518 -74.73053 0.65878 0.70486 0.02638 -0.14521 0.69383
37074.911232000 -11.39668 -74.87229 0.65995 0.70476 0.02663 -0.14555 0.69385
37074.939904000 -11.42234 -75.03829 0.66322 0.70471 0.02751 -0.14660 0.69364
37074.964480000 -11.44352 -75.18116 0.66291 0.70461 0.02722 -0.14661 0.69375
37074.989056000 -11.46521 -75.32486 0.66308 0.70455 0.02716 -0.14672 0.69379
37075.013632000 -11.48703 -75.46574 0.66492 0.70455 0.02769 -0.14741 0.69362
37075.038208000 -11.50813 -75.60814 0.66594 0.70451 0.02761 -0.14763 0.69362
37075.062784000 -11.53036 -75.74961 0.66727 0.70453 0.02756 -0.14778 0.69357
37075.087360000 -11.55302 -75.89168 0.66822 0.70464 0.02764 -0.14805 0.69340
37075.111936000 -11.57407 -76.03459 0.66921 0.70469 0.02743 -0.14821 0.69332
37075.136512000 -11.59700 -76.17695 0.67009 0.70476 0.02727 -0.14815 0.69327
37075.161088000 -11.61937 -76.31791 0.67172 0.70484 0.02694 -0.14802 0.69323
37075.189760000 -11.64428 -76.48535 0.67302 0.70486 0.02660 -0.14806 0.69321
37075.214336000 -11.66625 -76.62918 0.67474 0.70482 0.02641 -0.14824 0.69322
37075.238912000 -11.68673 -76.77172 0.67621 0.70486 0.02629 -0.14861 0.69311
37075.263488000 -11.70827 -76.91483 0.67762 0.70494 0.02612 -0.14888 0.69297
37075.288064000 -11.73074 -77.05688 0.67817 0.70503 0.02562 -0.14863 0.69295
37075.312640000 -11.75285 -77.19942 0.67898 0.70513 0.02525 -0.14860 0.69287
37075.337216000 -11.77492 -77.34191 0.68000 0.70518 0.02512 -0.14880 0.69278
37075.361792000 -11.79755 -77.48529 0.68052 0.70537 0.02497 -0.14886 0.69258
37075.386368000 -11.81945 -77.62853 0.68107 0.70545 0.02473 -0.14906 0.69247
37075.415040000 -11.84498 -77.79539 0.68175 0.70551 0.02448 -0.14906 0.69241
37075.439616000 -11.86759 -77.93843 0.68215 0.70557 0.02423 -0.14928 0.69231
37075.464192000 -11.88963 -78.08244 0.68278 0.70565 0.02403 -0.14948 0.69220
37075.488768000 -11.91184 -78.22616 0.68357 0.70563 0.02390 -0.14969 0.69217
37075.513344000 -11.93603 -78.36971 0.68472 0.70562 0.02394 -0.15006 0.69211
37075.537920000 -11.95875 -78.51319 0.68593 0.70566 0.02376 -0.15013 0.69205
37075.562496000 -11.98190 -78.65620 0.68674 0.70567 0.02337 -0.15002 0.69209
37075.587072000 -12.00701 -78.79991 0.68769 0.70567 0.02297 -0.14971 0.69217
37075.611648000 -12.03031 -78.94282 0.68991 0.70559 0.02286 -0.14983 0.69222
37075.636224000 -12.05407 -79.08583 0.69194 0.70551 0.02264 -0.14983 0.69232
37075.664896000 -12.08140 -79.25261 0.69440 0.70534 0.02238 -0.14980 0.69250
37075.689472000 -12.10512 -79.39503 0.69702 0.70511 0.02228 -0.15008 0.69268
37075.714048000 -12.13077 -79.53737 0.69964 0.70493 0.02223 -0.15023 0.69283
37075.738624000 -12.15468 -79.68002 0.70107 0.70472 0.02194 -0.15035 0.69303
37075.763200000 -12.17756 -79.82339 0.70208 0.70458 0.02169 -0.15050 0.69315
37075.787776000 -12.19948 -79.96715 0.70285 0.70447 0.02150 -0.15082 0.69319
37075.812352000 -12.22277 -80.11014 0.70435 0.70433 0.02141 -0.15117 0.69326
37075.836928000 -12.24576 -80.25333 0.70594 0.70416 0.02147 -0.15176 0.69330
37075.861504000 -12.26936 -80.39674 0.70828 0.70398 0.02145 -0.15225 0.69338
37075.886080000 -12.29324 -80.54019 0.71029 0.70382 0.02117 -0.15247 0.69350
37075.914752000 -12.32197 -80.70774 0.71488 0.70354 0.02146 -0.15326 0.69360
37075.939328000 -12.34676 -80.85053 0.71857 0.70319 0.02157 -0.15386 0.69382
37075.963904000 -12.37097 -80.99415 0.72195 0.70296 0.02150 -0.15430 0.69395
37075.988480000 -12.39588 -81.13702 0.72476 0.70270 0.02122 -0.15442 0.69420
37076.013056000 -12.42122 -81.28097 0.73122 0.70252 0.02165 -0.15530 0.69418
37076.037632000 -12.44707 -81.42357 0.73425 0.70240 0.02091 -0.15511 0.69437
37076.062208000 -12.47260 -81.56712 0.73177 0.70234 0.01884 -0.15363 0.69481
37076.086784000 -12.49928 -81.71034 0.73129 0.70234 0.01733 -0.15268 0.69506
37076.111360000 -12.52490 -81.85356 0.73383 0.70231 0.01665 -0.15264 0.69511
37076.140032000 -12.55434 -82.02021 0.73880 0.70224 0.01637 -0.15310 0.69509
37076.164608000 -12.58001 -82.16334 0.74209 0.70216 0.01573 -0.15323 0.69516
37076.189184000 -12.60604 -82.30735 0.74507 0.70209 0.01537 -0.15365 0.69515
37076.213760000 -12.63155 -82.45117 0.74738 0.70205 0.01497 -0.15401 0.69511
37076.238336000 -12.65721 -82.59523 0.74939 0.70199 0.01471 -0.15444 0.69508
37076.262912000 -12.68240 -82.73924 0.75181 0.70201 0.01456 -0.15497 0.69495
37076.287488000 -12.70752 -82.88373 0.75433 0.70209 0.01439 -0.15552 0.69475
37076.312064000 -12.73222 -83.02820 0.75847 0.70220 0.01438 -0.15631 0.69446
37076.336640000 -12.75821 -83.17364 0.76035 0.70240 0.01423 -0.15680 0.69415
37076.361216000 -12.78327 -83.31793 0.76010 0.70255 0.01369 -0.15708 0.69395
37076.389888000 -12.81319 -83.48742 0.76188 0.70282 0.01345 -0.15744 0.69360
37076.414464000 -12.83981 -83.63185 0.76412 0.70302 0.01313 -0.15775 0.69333
37076.439040000 -12.86491 -83.77817 0.76432 0.70324 0.01252 -0.15783 0.69310
37076.463616000 -12.89204 -83.92192 0.76693 0.70330 0.01221 -0.15803 0.69300
37076.488192000 -12.92297 -84.06644 0.76951 0.70324 0.01189 -0.15804 0.69306
37076.512768000 -12.94977 -84.21091 0.77268 0.70332 0.01156 -0.15827 0.69293
37076.537344000 -12.97690 -84.35476 0.77507 0.70337 0.01114 -0.15852 0.69283
37076.561920000 -13.00573 -84.49901 0.77500 0.70331 0.01029 -0.15827 0.69296
37076.586496000 -13.03279 -84.64329 0.77812 0.70337 0.00988 -0.15856 0.69284
37076.611072000 -13.06029 -84.78667 0.78119 0.70333 0.00940 -0.15870 0.69286
37076.639744000 -13.09449 -84.95366 0.78540 0.70318 0.00899 -0.15879 0.69299
37076.664320000 -13.12221 -85.09722 0.78816 0.70308 0.00851 -0.15886 0.69309
37076.688896000 -13.15307 -85.24202 0.79089 0.70288 0.00793 -0.15865 0.69335
37076.713472000 -13.18102 -85.38535 0.79483 0.70273 0.00768 -0.15894 0.69344
37076.738048000 -13.20936 -85.52979 0.79697 0.70255 0.00720 -0.15907 0.69359
37076.762624000 -13.23789 -85.67361 0.79823 0.70237 0.00678 -0.15925 0.69374
37076.787200000 -13.26715 -85.81679 0.80224 0.70211 0.00654 -0.15957 0.69393
37076.811776000 -13.30060 -85.96253 0.80590 0.70174 0.00596 -0.15933 0.69436
37076.836352000 -13.32793 -86.10519 0.80874 0.70158 0.00556 -0.15966 0.69445
37076.865024000 -13.36156 -86.26890 0.81122 0.70129 0.00515 -0.15994 0.69468
37076.889600000 -13.39044 -86.41216 0.81574 0.70105 0.00490 -0.16026 0.69485
37076.914176000 -13.41650 -86.55592 0.81749 0.70098 0.00461 -0.16065 0.69484
37076.938752000 -13.44917 -86.70288 0.82114 0.70061 0.00422 -0.16047 0.69525
37076.963328000 -13.47770 -86.84694 0.82532 0.70045 0.00385 -0.16081 0.69534
37076.987904000 -13.50650 -86.99004 0.82861 0.70028 0.00360 -0.16118 0.69542
37077.012480000 -13.53527 -87.13338 0.83116 0.70015 0.00322 -0.16140 0.69550
37077.037056000 -13.56810 -87.28281 0.83478 0.70002 0.00235 -0.16093 0.69575
37077.061632000 -13.59772 -87.42467 0.83882 0.69989 0.00212 -0.16118 0.69582
37077.086208000 -13.62746 -87.56845 0.84270 0.69981 0.00170 -0.16136 0.69586
37077.114880000 -13.66191 -87.73396 0.84892 0.69967 0.00156 -0.16178 0.69591
37077.139456000 -13.69212 -87.87617 0.85302 0.69952 0.00131 -0.16201 0.69600
37077.164032000 -13.72393 -88.02778 0.85844 0.69950 0.00051 -0.16155 0.69614
37077.188608000 -13.75324 -88.16931 0.86180 0.69943 0.00001 -0.16161 0.69619
37077.213184000 -13.78395 -88.31145 0.86548 0.69928 -0.00047 -0.16156 0.69635
37077.237760000 -13.81489 -88.45436 0.87053 0.69919 -0.00102 -0.16145 0.69647
37077.262336000 -13.84381 -88.59745 0.87527 0.69917 -0.00160 -0.16146 0.69648
37077.286912000 -13.87391 -88.73889 0.88068 0.69904 -0.00194 -0.16162 0.69658
37077.311488000 -13.90612 -88.89181 0.88761 0.69887 -0.00289 -0.16095 0.69690
37077.336064000 -13.93695 -89.03276 0.89059 0.69877 -0.00320 -0.16095 0.69699
37077.364736000 -13.97226 -89.19798 0.89668 0.69865 -0.00353 -0.16109 0.69708
37077.389312000 -14.00245 -89.34044 0.90068 0.69854 -0.00385 -0.16121 0.69717
37077.413888000 -14.03242 -89.48255 0.90445 0.69845 -0.00426 -0.16127 0.69724
37077.438464000 -14.06532 -89.63830 0.90587 0.69861 -0.00618 -0.15975 0.69742
37077.463040000 -14.09323 -89.77507 0.90647 0.69862 -0.00613 -0.16022 0.69730
37077.487616000 -14.12203 -89.91785 0.90519 0.69873 -0.00661 -0.16020 0.69718
37077.512192000 -14.14981 -90.05886 0.90337 0.69886 -0.00704 -0.16029 0.69703
37077.536768000 -14.17943 -90.20010 0.90632 0.69879 -0.00739 -0.16030 0.69710
37077.561344000 -14.20959 -90.34800 0.90211 0.69877 -0.00850 -0.15950 0.69729
37077.590016000 -14.23794 -90.51022 0.89981 0.69897 -0.00855 -0.16000 0.69697
37077.614592000 -14.26866 -90.65082 0.90363 0.69886 -0.00872 -0.16018 0.69704
37077.639168000 -14.29869 -90.79233 0.90715 0.69887 -0.00914 -0.16005 0.69706
37077.663744000 -14.32863 -90.93335 0.91033 0.69885 -0.00947 -0.16009 0.69706
37077.688320000 -14.35822 -91.07343 0.91502 0.69881 -0.00980 -0.16020 0.69707
37077.712896000 -14.39310 -91.22111 0.91907 0.69853 -0.01103 -0.15924 0.69755
37077.737472000 -14.42168 -91.35609 0.92023 0.69841 -0.01063 -0.15988 0.69753
37077.762048000 -14.45297 -91.49647 0.92411 0.69821 -0.01074 -0.15995 0.69771
37077.786624000 -14.48270 -91.63662 0.92761 0.69813 -0.01100 -0.15996 0.69779
37077.811200000 -14.50436 -91.77598 0.92482 0.69849 -0.01128 -0.16015 0.69738
37077.839872000 -14.54048 -91.94589 0.92733 0.69807 -0.01239 -0.15921 0.69799
37077.864448000 -14.56697 -92.08179 0.92545 0.69829 -0.01224 -0.15969 0.69767
37077.889024000 -14.59584 -92.22280 0.92597 0.69836 -0.01261 -0.15955 0.69762
37077.913600000 -14.62483 -92.36775 0.92871 0.69832 -0.01351 -0.15892 0.69779
37077.938176000 -14.65502 -92.51168 0.93317 0.69836 -0.01445 -0.15825 0.69788
37077.962752000 -14.68372 -92.65065 0.93539 0.69839 -0.01477 -0.15819 0.69786
37077.987328000 -14.71276 -92.79019 0.93792 0.69839 -0.01509 -0.15805 0.69789
37078.011904000 -14.74148 -92.92972 0.94036 0.69834 -0.01534 -0.15795 0.69795
37078.036480000 -14.76970 -93.06867 0.94274 0.69829 -0.01550 -0.15796 0.69800
37078.061056000 -14.79783 -93.20678 0.94530 0.69821 -0.01558 -0.15803 0.69806
37078.089728000 -14.83458 -93.37286 0.95576 0.69796 -0.01636 -0.15726 0.69847
37078.114304000 -14.86632 -93.51576 0.96158 0.69767 -0.01726 -0.15641 0.69892
37078.138880000 -14.89472 -93.65484 0.96447 0.69755 -0.01758 -0.15617 0.69909
37078.163456000 -14.92303 -93.79341 0.96785 0.69738 -0.01771 -0.15604 0.69928
37078.188032000 -14.95092 -93.93208 0.97017 0.69718 -0.01775 -0.15596 0.69950
37078.212608000 -14.97915 -94.07085 0.97333 0.69696 -0.01778 -0.15590 0.69973
37078.237184000 -15.00753 -94.20959 0.97727 0.69675 -0.01787 -0.15581 0.69996
37078.261760000 -15.04034 -94.35415 0.98583 0.69637 -0.01891 -0.15475 0.70054
37078.286336000 -15.07344 -94.50199 0.99126 0.69626 -0.02111 -0.15259 0.70107
37078.315008000 -15.10635 -94.66194 0.99610 0.69597 -0.02083 -0.15295 0.70128
37078.339584000 -15.13411 -94.80017 0.99922 0.69585 -0.02081 -0.15303 0.70139
37078.364160000 -15.16295 -94.93966 1.00303 0.69575 -0.02104 -0.15280 0.70153
37078.388736000 -15.18852 -95.07827 1.00555 0.69590 -0.02147 -0.15244 0.70145
37078.413312000 -15.22056 -95.22435 1.01100 0.69598 -0.02314 -0.15069 0.70169
37078.437888000 -15.24772 -95.36221 1.01227 0.69590 -0.02319 -0.15066 0.70177
37078.462464000 -15.28392 -95.50666 1.02375 0.69526 -0.02440 -0.14930 0.70266
37078.487040000 -15.31186 -95.64455 1.02694 0.69511 -0.02458 -0.14909 0.70284
37078.511616000 -15.33948 -95.78287 1.02934 0.69504 -0.02470 -0.14898 0.70293
37078.536192000 -15.36765 -95.92103 1.03239 0.69494 -0.02490 -0.14872 0.70308
37078.564864000 -15.40437 -96.08626 1.04168 0.69461 -0.02593 -0.14761 0.70360
37078.589440000 -15.43597 -96.22881 1.04995 0.69434 -0.02702 -0.14650 0.70406
37078.614016000 -15.46377 -96.36805 1.05330 0.69428 -0.02720 -0.14632 0.70415
37078.638592000 -15.49171 -96.50684 1.05750 0.69428 -0.02740 -0.14612 0.70418
37078.663168000 -15.51947 -96.64532 1.06092 0.69424 -0.02757 -0.14599 0.70425
37078.687744000 -15.54675 -96.78337 1.06417 0.69423 -0.02762 -0.14599 0.70425
37078.712320000 -15.57619 -96.92566 1.07210 0.69406 -0.02867 -0.14503 0.70457
37078.736896000 -15.60503 -97.06968 1.07920 0.69404 -0.03008 -0.14367 0.70481
37078.761472000 -15.63392 -97.21219 1.08511 0.69404 -0.03119 -0.14259 0.70499
37078.786048000 -15.66414 -97.35522 1.09297 0.69387 -0.03269 -0.14101 0.70540
37078.814720000 -15.69678 -97.51766 1.09833 0.69389 -0.03281 -0.14087 0.70541
37078.839296000 -15.72626 -97.65789 1.10502 0.69373 -0.03351 -0.14008 0.70569
37078.863872000 -15.75409 -97.79754 1.11015 0.69373 -0.03392 -0.13973 0.70574
37078.888448000 -15.78192 -97.93758 1.11512 0.69374 -0.03441 -0.13920 0.70581
37078.913024000 -15.80979 -98.07756 1.11997 0.69373 -0.03496 -0.13862 0.70591
37078.937600000 -15.83736 -98.21666 1.12457 0.69372 -0.03502 -0.13851 0.70594
37078.962176000 -15.86558 -98.35650 1.12980 0.69366 -0.03532 -0.13817 0.70604
37078.986752000 -15.89326 -98.49606 1.13503 0.69365 -0.03565 -0.13783 0.70610
37079.011328000 -15.92094 -98.63565 1.14017 0.69363 -0.03608 -0.13738 0.70619
37079.040000000 -15.95312 -98.79875 1.14640 0.69361 -0.03659 -0.13684 0.70629
37079.064576000 -15.98156 -98.93845 1.15253 0.69346 -0.03695 -0.13640 0.70650
37079.089152000 -16.00984 -99.07809 1.15908 0.69336 -0.03747 -0.13575 0.70669
37079.113728000 -16.03766 -99.21748 1.16547 0.69325 -0.03806 -0.13509 0.70690
37079.138304000 -16.06553 -99.35695 1.17184 0.69309 -0.03844 -0.13461 0.70713
37079.162880000 -16.09310 -99.49639 1.17814 0.69286 -0.03879 -0.13408 0.70743
37079.187456000 -16.12074 -99.63599 1.18449 0.69267 -0.03920 -0.13352 0.70771
37079.212032000 -16.14842 -99.77595 1.19112 0.69256 -0.03981 -0.13282 0.70791
37079.236608000 -16.17623 -99.91622 1.19784 0.69249 -0.04055 -0.13197 0.70810
37079.261184000 -16.20384 -100.05601 1.20449 0.69237 -0.04105 -0.13144 0.70828
37079.289856000 -16.23592 -100.21884 1.21212 0.69228 -0.04132 -0.13104 0.70843
37079.314432000 -16.26329 -100.35862 1.21889 0.69217 -0.04151 -0.13067 0.70859
37079.339008000 -16.29056 -100.49824 1.22514 0.69215 -0.04148 -0.13052 0.70864
37079.363584000 -16.31798 -100.63807 1.23172 0.69206 -0.04150 -0.13033 0.70876
37079.388160000 -16.34528 -100.77795 1.23828 0.69200 -0.04154 -0.13012 0.70886
37079.412736000 -16.37261 -100.91784 1.24510 0.69189 -0.04158 -0.12991 0.70900
37079.437312000 -16.40058 -101.05801 1.25243 0.69175 -0.04184 -0.12945 0.70920
37079.461888000 -16.42857 -101.19780 1.25962 0.69161 -0.04198 -0.12914 0.70939
37079.486464000 -16.45650 -101.33810 1.26700 0.69154 -0.04214 -0.12869 0.70953
37079.511040000 -16.48451 -101.47775 1.27445 0.69135 -0.04212 -0.12851 0.70975
37079.539712000 -16.51756 -101.64052 1.28318 0.69115 -0.04199 -0.12837 0.70998
37079.564288000 -16.54642 -101.78004 1.29104 0.69097 -0.04199 -0.12815 0.71020
37079.588864000 -16.57555 -101.91965 1.29926 0.69073 -0.04204 -0.12782 0.71049
37079.613440000 -16.60442 -102.05914 1.30680 0.69056 -0.04182 -0.12783 0.71066
37079.638016000 -16.63410 -102.19954 1.31434 0.69033 -0.04137 -0.12804 0.71088
37079.662592000 -16.66207 -102.33963 1.32202 0.69036 -0.04136 -0.12791 0.71087
37079.687168000 -16.69039 -102.47993 1.32923 0.69047 -0.04121 -0.12784 0.71078
37079.711744000 -16.72092 -102.62120 1.33692 0.69015 -0.04071 -0.12810 0.71107
37079.736320000 -16.74765 -102.76098 1.34494 0.69021 -0.04079 -0.12789 0.71105
37079.764992000 -16.78168 -102.92553 1.35379 0.69005 -0.04040 -0.12799 0.71121
37079.789568000 -16.81072 -103.06672 1.36158 0.68991 -0.04016 -0.12793 0.71137
37079.814144000 -16.83997 -103.20870 1.36953 0.68978 -0.04014 -0.12758 0.71156
37079.838720000 -16.86790 -103.34901 1.37687 0.68979 -0.03993 -0.12755 0.71157
37079.863296000 -16.89462 -103.48912 1.38403 0.68992 -0.03986 -0.12737 0.71148
37079.887872000 -16.92367 -103.63063 1.39156 0.68997 -0.03994 -0.12704 0.71149
37079.912448000 -16.95133 -103.77091 1.39879 0.69003 -0.03981 -0.12694 0.71145
37079.937024000 -16.97897 -103.91109 1.40614 0.69013 -0.03967 -0.12686 0.71137
37079.961600000 -17.00603 -104.05122 1.41391 0.69027 -0.03971 -0.12660 0.71128
37079.986176000 -17.03776 -104.19408 1.42350 0.69007 -0.03983 -0.12610 0.71156
37080.014848000 -17.07005 -104.35726 1.43221 0.69007 -0.03969 -0.12591 0.71160
37080.039424000 -17.09982 -104.49938 1.44128 0.69001 -0.03989 -0.12541 0.71174
37080.064000000 -17.12772 -104.64008 1.44925 0.69004 -0.03983 -0.12508 0.71177
37080.088576000 -17.15544 -104.78012 1.45716 0.68997 -0.03971 -0.12491 0.71187
37080.113152000 -17.18579 -104.92333 1.46691 0.68989 -0.04006 -0.12421 0.71205
37080.137728000 -17.21400 -105.06330 1.47468 0.68988 -0.04003 -0.12399 0.71210
37080.162304000 -17.24177 -105.20373 1.48278 0.68983 -0.04000 -0.12380 0.71219
37080.186880000 -17.26911 -105.34432 1.49074 0.68981 -0.03983 -0.12371 0.71223
37080.211456000 -17.29627 -105.48523 1.49840 0.68983 -0.03956 -0.12378 0.71221
37080.236032000 -17.32702 -105.63058 1.51062 0.68960 -0.03983 -0.12325 0.71251
37080.264704000 -17.35709 -105.79421 1.51783 0.68973 -0.03929 -0.12350 0.71238
37080.289280000 -17.38350 -105.93499 1.52382 0.68987 -0.03882 -0.12372 0.71223
37080.313856000 -17.41539 -106.08026 1.53483 0.68960 -0.03883 -0.12327 0.71257
37080.338432000 -17.44282 -106.21947 1.54514 0.68956 -0.03884 -0.12293 0.71266
37080.363008000 -17.47043 -106.36089 1.55422 0.68954 -0.03863 -0.12280 0.71271
37080.387584000 -17.49785 -106.50210 1.56331 0.68956 -0.03834 -0.12271 0.71273
37080.412160000 -17.52496 -106.64369 1.57194 0.68957 -0.03805 -0.12260 0.71275
37080.436736000 -17.55754 -106.78893 1.58455 0.68942 -0.03817 -0.12194 0.71300
37080.461312000 -17.58452 -106.92933 1.59371 0.68945 -0.03801 -0.12177 0.71301
37080.489984000 -17.62069 -107.09660 1.60716 0.68934 -0.03826 -0.12110 0.71322
37080.514560000 -17.64867 -107.23807 1.61584 0.68946 -0.03823 -0.12081 0.71315
37080.539136000 -17.67727 -107.38037 1.62447 0.68960 -0.03834 -0.12045 0.71308
37080.563712000 -17.70620 -107.52145 1.63282 0.68967 -0.03837 -0.12016 0.71305
37080.588288000 -17.73532 -107.66233 1.64183 0.68970 -0.03825 -0.11997 0.71306
37080.608768000 -17.76328 -107.78669 1.65285 0.68977 -0.03872 -0.11906 0.71312
37080.637440000 -17.79607 -107.94940 1.66277 0.68975 -0.03838 -0.11912 0.71315
37080.662016000 -17.82345 -108.09066 1.67138 0.68983 -0.03818 -0.11906 0.71309
37080.686592000 -17.85088 -108.23205 1.67956 0.68990 -0.03792 -0.11917 0.71302
37080.711168000 -17.87889 -108.37392 1.68888 0.68991 -0.03785 -0.11896 0.71305
37080.739840000 -17.91838 -108.54260 1.70562 0.68969 -0.03836 -0.11808 0.71338
37080.764416000 -17.94622 -108.68269 1.71446 0.68970 -0.03817 -0.11801 0.71340
37080.788992000 -17.97415 -108.82462 1.72329 0.68968 -0.03799 -0.11789 0.71344
37080.813568000 -18.00017 -108.96485 1.73183 0.68970 -0.03765 -0.11795 0.71343
37080.838144000 -18.02574 -109.10532 1.74066 0.68975 -0.03729 -0.11798 0.71340
37080.862720000 -18.05164 -109.24590 1.74853 0.68979 -0.03691 -0.11798 0.71337
37080.887296000 -18.08331 -109.39407 1.75896 0.68981 -0.03708 -0.11737 0.71345
37080.911872000 -18.10714 -109.53167 1.76629 0.68989 -0.03689 -0.11740 0.71338
37080.936448000 -18.13491 -109.67308 1.77429 0.68996 -0.03678 -0.11714 0.71336
37080.961024000 -18.15934 -109.81172 1.77787 0.69015 -0.03638 -0.11714 0.71320
37080.989696000 -18.19258 -109.97537 1.78545 0.69013 -0.03572 -0.11732 0.71322
37081.014272000 -18.21828 -110.11480 1.79157 0.69016 -0.03524 -0.11750 0.71318
37081.038848000 -18.25150 -110.26337 1.79471 0.69020 -0.03462 -0.11762 0.71316
37081.063424000 -18.27798 -110.39815 1.80438 0.69001 -0.03444 -0.11742 0.71338
37081.088000000 -18.30702 -110.53439 1.81840 0.68980 -0.03476 -0.11669 0.71369
37081.112576000 -18.33486 -110.67269 1.82645 0.68973 -0.03478 -0.11640 0.71381
37081.137152000 -18.36273 -110.80966 1.83474 0.68961 -0.03462 -0.11612 0.71397
37081.161728000 -18.39055 -110.94792 1.84161 0.68956 -0.03435 -0.11595 0.71406
37081.186304000 -18.42309 -111.09200 1.84552 0.68937 -0.03372 -0.11586 0.71429
37081.214976000 -18.45272 -111.24720 1.85741 0.68936 -0.03372 -0.11561 0.71434
37081.239552000 -18.47872 -111.38502 1.86647 0.68947 -0.03365 -0.11538 0.71428
37081.264128000 -18.50381 -111.52156 1.87693 0.68952 -0.03383 -0.11501 0.71428
37081.288704000 -18.53029 -111.65835 1.88606 0.68967 -0.03378 -0.11476 0.71417
37081.313280000 -18.56172 -111.80504 1.88244 0.68986 -0.03285 -0.11520 0.71397
37081.337856000 -18.58384 -111.93276 1.89430 0.68981 -0.03286 -0.11505 0.71404
37081.362432000 -18.61022 -112.06823 1.90549 0.68987 -0.03294 -0.11467 0.71404
37081.387008000 -18.63765 -112.20414 1.91269 0.68986 -0.03275 -0.11451 0.71407
37081.411584000 -18.66308 -112.33766 1.92090 0.68986 -0.03260 -0.11434 0.71412
37081.436160000 -18.69377 -112.48136 1.92434 0.68990 -0.03202 -0.11428 0.71411
37081.464832000 -18.72175 -112.62909 1.93838 0.68992 -0.03183 -0.11412 0.71413
37081.489408000 -18.74858 -112.76436 1.94796 0.69004 -0.03163 -0.11407 0.71403
37081.513984000 -18.77518 -112.89800 1.95726 0.69009 -0.03156 -0.11387 0.71401
37081.538560000 -18.80599 -113.02852 1.96886 0.69000 -0.03128 -0.11369 0.71414
37081.563136000 -18.83617 -113.16668 1.97240 0.69010 -0.03091 -0.11369 0.71406
37081.587712000 -18.85940 -113.29671 1.98172 0.69030 -0.03087 -0.11345 0.71391
37081.612288000 -18.87997 -113.42961 1.98411 0.69081 -0.03070 -0.11341 0.71343
37081.636864000 -18.90440 -113.56042 1.99074 0.69118 -0.03057 -0.11323 0.71310
37081.661440000 -18.93029 -113.69222 1.98726 0.69138 -0.02960 -0.11387 0.71284
37081.686016000 -18.95408 -113.82311 1.99810 0.69157 -0.02981 -0.11348 0.71271
37081.714688000 -18.98113 -113.97252 2.00905 0.69175 -0.02984 -0.11331 0.71257
37081.739264000 -19.00384 -114.10426 2.01549 0.69206 -0.02990 -0.11299 0.71231
37081.763840000 -19.02710 -114.22981 2.02524 0.69217 -0.02984 -0.11285 0.71223
37081.788416000 -19.05159 -114.36014 2.03127 0.69227 -0.02976 -0.11268 0.71217
37081.812992000 -19.07479 -114.48889 2.03779 0.69233 -0.02949 -0.11273 0.71211
37081.837568000 -19.09540 -114.60849 2.04181 0.69235 -0.02885 -0.11314 0.71205
37081.862144000 -19.11789 -114.73461 2.05147 0.69229 -0.02881 -0.11286 0.71216
37081.886720000 -19.14036 -114.86184 2.06016 0.69232 -0.02876 -0.11259 0.71218
37081.911296000 -19.16172 -114.98633 2.06957 0.69235 -0.02871 -0.11243 0.71217
37081.939968000 -19.18373 -115.12832 2.08029 0.69237 -0.02870 -0.11222 0.71218
37081.964544000 -19.20014 -115.24660 2.08982 0.69246 -0.02859 -0.11226 0.71209
37081.989120000 -19.22513 -115.36761 2.10379 0.69248 -0.02861 -0.11206 0.71211
37082.013696000 -19.24740 -115.49020 2.11298 0.69263 -0.02860 -0.11186 0.71200
37082.038272000 -19.27001 -115.61170 2.12243 0.69276 -0.02859 -0.11168 0.71190
37082.062848000 -19.29175 -115.73373 2.13198 0.69286 -0.02851 -0.11145 0.71184
37082.087424000 -19.30586 -115.84696 2.14405 0.69276 -0.02850 -0.11138 0.71194
37082.112000000 -19.32698 -115.96545 2.15556 0.69275 -0.02841 -0.11125 0.71197
37082.136576000 -19.34802 -116.08351 2.16287 0.69283 -0.02810 -0.11121 0.71192
37082.161152000 -19.36881 -116.20085 2.16963 0.69285 -0.02779 -0.11116 0.71192
37082.189824000 -19.39213 -116.33770 2.17587 0.69288 -0.02739 -0.11123 0.71189
37082.214400000 -19.40743 -116.44872 2.18318 0.69276 -0.02719 -0.11124 0.71202
37082.238976000 -19.42950 -116.56569 2.19195 0.69269 -0.02701 -0.11112 0.71211
37082.263552000 -19.45045 -116.68200 2.19794 0.69272 -0.02674 -0.11116 0.71209
37082.288128000 -19.47166 -116.79834 2.20269 0.69283 -0.02637 -0.11120 0.71199
37082.312704000 -19.49270 -116.91328 2.20885 0.69290 -0.02614 -0.11114 0.71194
37082.337280000 -19.51283 -117.02829 2.21633 0.69295 -0.02595 -0.11104 0.71191
37082.361856000 -19.53085 -117.13216 2.21837 0.69304 -0.02533 -0.11145 0.71178
37082.386432000 -19.54895 -117.24331 2.23444 0.69306 -0.02556 -0.11108 0.71181
37082.411008000 -19.56749 -117.35549 2.24233 0.69317 -0.02539 -0.11110 0.71171
37082.439680000 -19.58798 -117.48650 2.25064 0.69325 -0.02524 -0.11119 0.71162
37082.464256000 -19.60941 -117.59912 2.25608 0.69329 -0.02508 -0.11091 0.71163
37082.488832000 -19.62833 -117.71164 2.26287 0.69330 -0.02497 -0.11079 0.71164
37082.513408000 -19.64844 -117.81520 2.26345 0.69329 -0.02432 -0.11097 0.71165
37082.537984000 -19.66831 -117.92391 2.27484 0.69324 -0.02436 -0.11051 0.71177
37082.562560000 -19.68683 -118.03487 2.27921 0.69333 -0.02403 -0.11062 0.71168
37082.587136000 -19.70372 -118.14680 2.28589 0.69336 -0.02396 -0.11052 0.71166
37082.611712000 -19.72202 -118.25430 2.29219 0.69331 -0.02378 -0.11039 0.71174
37082.636288000 -19.74255 -118.36154 2.29576 0.69339 -0.02341 -0.11043 0.71167
37082.664960000 -19.76419 -118.47898 2.29423 0.69319 -0.02263 -0.11084 0.71182
37082.689536000 -19.78247 -118.58352 2.30979 0.69337 -0.02291 -0.11011 0.71175
37082.714112000 -19.80047 -118.69248 2.31480 0.69351 -0.02273 -0.11012 0.71162
37082.738688000 -19.81765 -118.79907 2.32126 0.69365 -0.02263 -0.11007 0.71150
37082.763264000 -19.83571 -118.90638 2.32730 0.69377 -0.02256 -0.11003 0.71138
37082.787840000 -19.85496 -119.00980 2.32747 0.69373 -0.02189 -0.11046 0.71138
37082.812416000 -19.87243 -119.11156 2.33979 0.69376 -0.02204 -0.10997 0.71142
37082.836992000 -19.89375 -119.22123 2.33890 0.69387 -0.02156 -0.11004 0.71132
37082.861568000 -19.91110 -119.32694 2.34461 0.69386 -0.02137 -0.11001 0.71134
37082.886144000 -19.93060 -119.43366 2.35330 0.69389 -0.02132 -0.10994 0.71132
37082.914816000 -19.95430 -119.55838 2.34988 0.69367 -0.02061 -0.11070 0.71144
37082.939392000 -19.97054 -119.65483 2.36541 0.69373 -0.02108 -0.10975 0.71151
37082.963968000 -19.98417 -119.75585 2.37101 0.69366 -0.02116 -0.10967 0.71159
37082.988544000 -20.00121 -119.85880 2.37543 0.69361 -0.02107 -0.10968 0.71164
37083.013120000 -20.01931 -119.96118 2.37880 0.69359 -0.02086 -0.10981 0.71164
37083.037696000 -20.04734 -120.07811 2.36820 0.69334 -0.01972 -0.11108 0.71173
37083.062272000 -20.06152 -120.17168 2.38165 0.69358 -0.02017 -0.11053 0.71156
37083.086848000 -20.08090 -120.28034 2.37351 0.69341 -0.01916 -0.11210 0.71151
37083.111424000 -20.09646 -120.37488 2.38610 0.69353 -0.01980 -0.11116 0.71152
37083.136000000 -20.11340 -120.47421 2.39179 0.69343 -0.01976 -0.11114 0.71162
37083.164672000 -20.13115 -120.58890 2.39939 0.69333 -0.01983 -0.11106 0.71174
37083.189248000 -20.14558 -120.68653 2.40852 0.69311 -0.02011 -0.11068 0.71200
37083.213824000 -20.16162 -120.78477 2.40818 0.69306 -0.01968 -0.11106 0.71200
37083.238400000 -20.17642 -120.88295 2.41432 0.69298 -0.01956 -0.11108 0.71208
37083.262976000 -20.19129 -120.98041 2.41774 0.69283 -0.01939 -0.11126 0.71221
37083.287552000 -20.20704 -121.07734 2.42173 0.69279 -0.01921 -0.11132 0.71224
37083.291648000 -20.20892 -121.09182 2.41974 0.69270 -0.01901 -0.11171 0.71227
