37060.1 0.0 0.0 0.0 2.71051e-20 0.0 1.0 0.0
37060.3 0.053107 0.00925907 0.783834 0.023645009750702283 -0.0007330843023084725 0.9997174122623318 0.0023391709646246673
37060.5 0.144004 0.0181491 1.60424 0.04864319562242571 -0.0005417729512439238 0.9988009101143515 0.005503449504724993
37060.7 0.283671 0.0279161 2.45378 0.0738876778682209 -0.0008936627323187469 0.9972347012955506 0.007922307627009436
37060.9 0.467548 0.029962 3.31207 0.0972259972742617 -0.001777759950160363 0.9952309720986232 0.0076978697841896294
37061.1 0.707348 0.0270175 4.19687 0.11769897745831397 -0.0021633095856833547 0.9930168098176073 0.007738618517901236
37061.3 0.968498 0.0147351 5.07587 0.13568698302274296 -0.0022235997217815357 0.9907158760408866 0.008133338982350528
37061.5 1.25537 0.00854503 5.96456 0.1502599373260459 -0.0019200091991573368 0.988608587647843 0.008445426477382589
37061.7 1.57269 0.0040382 6.86724 0.16124300907699773 -0.0017563400988712327 0.9868860555556644 0.007315780411833807
37061.9 1.88886 0.01037 7.75401 0.16978105118282358 -0.0012163503666854799 0.9854492970771894 0.007911892385148339
37062.1 2.24092 0.00395755 8.67473 0.17559895214761836 -0.00213167941909712 0.9844387317310993 0.006391198258337795
37062.3 2.60734 -0.00442833 9.60863 0.1796839629831102 -0.0019476495987625754 0.9836907973487827 0.007892738374008335
37062.5 2.97721 -0.0167427 10.5496 0.18351393190808968 -0.002754428977983148 0.9829856352681834 0.007368227266056778
37062.7 3.36023 -0.0192793 11.4884 0.18653804825113462 -0.002823610730373362 0.9824192541189003 0.00692769179196144
37062.9 3.74976 -0.0290639 12.4261 0.18832293943798337 -0.0031221489959606624 0.9820896841737288 0.004957308405799129
37063.1 4.14479 -0.0298019 13.3885 0.1883539473056108 -0.0031614591155419924 0.9820907252477497 0.003256239089026101
37063.3 4.53151 -0.0386616 14.3549 0.18783108606716523 -0.0033401215304963493 0.9821934500565253 0.00208647095605389
37063.5 4.93456 -0.0378868 15.328 0.187896029613133 -0.004367930688402584 0.9821791547951919 0.000333351052537401
37063.7 5.33501 -0.047636 16.3163 0.18759607025084268 -0.005369112010621239 0.9822313678253024 -0.000653546244739532
37063.9 5.72899 -0.0699522 17.298 0.1872299692534425 -0.005727129059501512 0.9822978386888749 -0.001759179711110778
37064.1 6.13764 -0.0728629 18.3365 0.18662606711956536 -0.003486041253745404 0.9824243533262883 -0.000973950350278636
37064.3 6.55032 -0.0840212 19.3601 0.1849079705239739 -0.0036927494113418815 0.9827468433411417 -0.002011949679276772
37064.5 6.94372 -0.0886093 20.3814 0.18389996351599422 -0.004467659113658873 0.9829338049952704 -0.0014065697209499292
37064.7 7.33839 -0.0969615 21.4031 0.182394031524854 -0.0045322207833458006 0.9832121699376885 -0.0023885404128336177
37064.9 7.71793 -0.0985002 22.4236 0.1809209207570818 -0.0032399385809148726 0.9834905692335504 -0.001850259189591027
37065.1 8.11443 -0.104349 23.4304 0.17951792081255455 -0.002096299075298065 0.9837505660561688 -0.001935309146312597
37065.3 8.48318 -0.108133 24.4241 0.17904707139240447 -0.003395261353810872 0.9838343922895935 -0.0007120212839080868
37065.5 8.84572 -0.111835 25.3957 0.1779220702625252 -0.0044767717679048405 0.9840343886012619 0.0001322050522085922
37065.7 9.21998 -0.126129 26.3829 0.1773800339082987 -0.0051020609753195095 0.9841291881279745 0.00018335503505049114
37065.9 9.58615 -0.132233 27.3743 0.17732995000600107 -0.005124398555296634 0.98413772254557 0.0008788817522200095
37066.1 9.96493 -0.148484 28.3562 0.17742595837581013 -0.005475228715509491 0.9841187691254036 0.0005471928716283672
37066.3 10.3375 -0.157744 29.3579 0.17796292438075692 -0.0054180476977863925 0.9840215818737668 0.001169919502882819
37066.5 10.7272 -0.16633 30.3752 0.17852905336012379 -0.005449301628728792 0.9839192940812959 0.0007106002123896062
37066.7 11.1079 -0.175636 31.3773 0.1793269493897752 -0.006518848160229838 0.9837677223579292 0.0006467518174716351
37066.9 11.4927 -0.19484 32.3874 0.17978606944990835 -0.007058842726774004 0.9836803799877957 -0.00022803108808656998
37067.2 11.8854 -0.221407 33.406 0.18023205920594965 -0.006939542279628789 0.9835993231108398 -0.0007868692584853212
37067.4 12.2782 -0.245429 34.4294 0.18012396791807556 -0.006889808772854456 0.9836188248074079 -0.0013762997548669104
37067.6 12.6781 -0.250078 35.4536 0.1798759528358753 -0.007524278027107117 0.9836597420808617 -0.00124041967475748
37067.8 13.0809 -0.265953 36.4915 0.17970998836063337 -0.00776049949737185 0.9836879362889919 -0.0014624399052814239
37068.0 13.4813 -0.277796 37.5362 0.17979901949634824 -0.007870230853401548 0.9836701066634012 -0.0018690402026677274
37068.2 13.8802 -0.304408 38.5831 0.17975301031263466 -0.007799110447443837 0.9836790564347864 -0.001882310107990272
37068.4 14.2848 -0.328379 39.6328 0.17984297405927951 -0.007379428935584198 0.9836638581153957 -0.0027318396059568743
37068.6 14.6939 -0.340632 40.6891 0.18007309367673827 -0.007626793967573209 0.9836185116931796 -0.0031837716562460165
37068.8 15.0995 -0.357152 41.7377 0.1795139273631789 -0.008077436731622246 0.9837186019573905 -0.002686458912976623
37069.0 15.5015 -0.383219 42.7981 0.17885106076486051 -0.008088342748024063 0.9838413342612629 -0.001762320598750518
37069.2 15.9008 -0.393377 43.8679 0.17816806786942635 -0.00878092334491044 0.983960374819276 -0.0010078503839196788
37069.4 16.3098 -0.408648 44.9184 0.17788303709861253 -0.010701702231906488 0.9839872052166448 -0.003504090730799892
37069.6 16.7046 -0.421007 45.9891 0.17781599174907747 -0.009504979558955023 0.9840129543403572 -0.003103889855974963
37069.8 17.1055 -0.460082 47.0583 0.17691593763209015 -0.007773287259694716 0.9841866530461572 -0.004118128548242328
37070.0 17.4955 -0.481333 48.106 0.17637800160475348 -0.008958080081503988 0.9842800089553504 -0.0018486000168192592
37070.2 17.8824 -0.484235 49.1593 0.1752620714785287 -0.009446393852598161 0.9844764015068643 -0.00043222717627865723
37070.4 18.2668 -0.511935 50.1937 0.17493593065668084 -0.0077110069434134345 0.9845496097317598 -0.0001628319354546157
37070.6 18.6324 -0.539218 51.2064 0.17440594114690353 -0.007416647497260313 0.9846456677323829 0.0006856007686447612
37070.8 19.0088 -0.544879 52.2088 0.17385099824192732 -0.008794629911064078 0.9847319900418725 0.0011801199880660063
37071.0 19.3713 -0.566975 53.2072 0.17300497082395622 -0.009107948464010012 0.9848778339074383 0.0014062797628410348
37071.2 19.7327 -0.585522 54.1978 0.17267894435967923 -0.009060457080554666 0.9849336826363153 0.0023518292421975135
37071.4 20.1025 -0.613256 55.1945 0.1724410376433542 -0.009725382123021344 0.9849692150157846 0.002269570495440338
37071.6 20.4627 -0.62611 56.182 0.1727859349277685 -0.009881086278722953 0.9849066290781875 0.0025133290534650283
37071.8 20.8305 -0.655466 57.17 0.1730799546136572 -0.010019397372637377 0.9848557417436329 0.0014522196191879204
37072.0 21.2107 -0.681625 58.1763 0.1734469926170197 -0.009748379585048471 0.9847949580810155 -1.964149916393583e-05
37072.2 21.5793 -0.692881 59.1973 0.17386296039074006 -0.00910361792602422 0.9847277756604493 -5.465938754756121e-05
37072.4 21.9597 -0.715251 60.2102 0.17383405423839565 -0.009250232886188172 0.9847313072484648 -0.0006382031991273678
37072.6 22.3338 -0.73734 61.2315 0.17354799683512834 -0.00980700982115652 0.9847759820413392 -0.001086529980185724
37072.8 22.7162 -0.759039 62.2693 0.1731160760598203 -0.010959004814919307 0.9848404326968822 -0.00021575109479182923
37073.0 23.1029 -0.778477 63.3087 0.1731689297973103 -0.011913995170065975 0.9848196007541024 -0.0009656306085333203
37073.2 23.4838 -0.80697 64.3582 0.17307800030191273 -0.011498000020056808 0.9848410017179308 -5.6055800097782296e-05
37073.4 23.8749 -0.831109 65.4107 0.17235301188489097 -0.012519500863303175 0.9849550679192285 -0.00110253007602681
37073.6 24.2688 -0.864762 66.47 0.1729839335103458 -0.013732394721693759 0.9848256214636026 -0.0025446790219043774
37073.8 24.6619 -0.893802 67.5481 0.1727090654853614 -0.012825604863030016 0.9848893734363127 -6.820042585926526e-05
37074.0 25.0639 -0.927972 68.639 0.17224006531937708 -0.011696404435680225 0.9849843735400678 -0.0015290205798573731
37074.2 25.4519 -0.948618 69.7086 0.17253398517670646 -0.011472499014337842 0.9849359153790241 -0.0012838698896960495
37074.4 25.8447 -0.966088 70.7935 0.17206297724287037 -0.011400498492164754 0.9850198697208127 -0.00046556593842403177
37074.6 26.2418 -0.994743 71.8931 0.17246398402645507 -0.010756599003728119 0.9849569087736866 0.0005980389446098731
37074.8 26.6496 -1.01787 73.0017 0.17335002127512084 -0.011282301384668566 0.984795120863182 0.001024560125743512
37075.0 27.0473 -1.04793 74.0721 0.17430809322185753 -0.011787106303872212 0.9846185265846601 0.0020272810842118967
37075.2 27.4607 -1.07218 75.1804 0.17544797953724547 -0.011194598694357578 0.9844238851852021 0.001517139823053763
37075.4 27.8782 -1.10922 76.2939 0.1770200900744474 -0.010457705321271882 0.9841505007726098 0.0015218207743593688
37075.6 28.3054 -1.1233 77.4123 0.17854004656672226 -0.010225702667062464 0.983879256614877 0.0007036901835361084
37075.8 28.7264 -1.15244 78.5158 0.18085494959129753 -0.011729396730729952 0.9834397258912702 0.00046260087106181114
37076.0 29.1683 -1.16663 79.6315 0.1836809799204062 -0.013802398491152673 0.9828888925527851 -0.00046508894915751664
37076.2 29.618 -1.20877 80.7341 0.1874650497126322 -0.014544003856829397 0.9821612604529303 -0.002141390567861379
37076.4 30.0743 -1.24972 81.845 0.19065206235912496 -0.013094004282831456 0.9815693210550321 -0.0014163804632745392
37076.6 30.5456 -1.27824 82.9629 0.19366493581153538 -0.01236799590074133 0.9809886748603118 -0.0014646195145653108
37076.8 31.0162 -1.3049 84.0632 0.19690298896425232 -0.013163099262252733 0.9803339450555925 -0.001141019936049685
37077.0 31.4941 -1.34094 85.1521 0.20001195093766477 -0.01441599646379905 0.9796857596860041 -0.0017918695604597396
37077.2 31.9882 -1.37278 86.2617 0.20270295556685944 -0.015019796707612198 0.9791187853740093 -0.0035102192305486424
37077.4 32.485 -1.41441 87.3656 0.20519694313953238 -0.015411895729334052 0.9785847288322894 -0.005349438517660296
37077.6 32.9808 -1.44687 88.4597 0.207071998836996 -0.01579829991127006 0.9781829945061101 -0.00544336996942773
37077.8 33.4751 -1.48738 89.5376 0.2086049845928377 -0.015745498837067787 0.9778519277777404 -0.00645344952336065
37078.0 33.9837 -1.52408 90.6463 0.2095479715499073 -0.015748797861803405 0.9776428672665263 -0.007486458983571874
37078.2 34.4811 -1.5564 91.7421 0.20933199046657475 -0.016172099263488112 0.9776819554742789 -0.007521629657448945
37078.4 34.9685 -1.58734 92.8105 0.20872992983327054 -0.016802494351667363 0.9777956713038499 -0.008069557287334675
37078.6 35.455 -1.6231 93.876 0.20799999667009325 -0.017540499719191204 0.9779299843441552 -0.009015429855670474
37078.8 35.9328 -1.66072 94.9464 0.207162897416911 -0.01815409101044271 0.9780915156678619 -0.009536765277576952
37079.1 36.418 -1.69628 96.0359 0.20632092043859873 -0.018428892893456762 0.978251622766951 -0.010761795850040045
37079.3 36.8988 -1.7399 97.1161 0.20510598619546003 -0.018903398727717662 0.9784939341430305 -0.011127299251083547
37079.5 37.3696 -1.78213 98.1836 0.20359208476036 -0.019062907936354408 0.978812407503524 -0.01063670442831998
37079.7 37.8427 -1.82106 99.2677 0.20190197291997541 -0.018892997465983972 0.9791578686708269 -0.011336498479496493
37079.9 38.3033 -1.86863 100.354 0.2002360054907066 -0.01857930050946626 0.979519026859563 -0.010140400278061694
37080.1 38.7584 -1.90856 101.434 0.19851006839210897 -0.01848090636717408 0.979866337590561 -0.010685003681273912
37080.3 39.2168 -1.9384 102.519 0.19702702307816078 -0.01857110217526954 0.9801691148091264 -0.010196701194359564
37080.5 39.6636 -1.97633 103.593 0.19533899644488514 -0.018654799660487886 0.9805179821548482 -0.008897279838072007
37080.7 40.119 -2.00646 104.666 0.19379592937175766 -0.01798389344583352 0.9808316425393704 -0.009434316561696634
37080.9 40.5598 -2.04864 105.745 0.19224092501228138 -0.018355392840083175 0.9811416172845531 -0.0082239367920761
37081.1 40.9905 -2.0851 106.799 0.19041893533109722 -0.019222393471809443 0.9814806666755975 -0.008174937223678309
37081.3 41.414 -2.1209 107.834 0.18889005208765738 -0.019849105473519615 0.9817592707264886 -0.008677302392822434
37081.5 41.8255 -2.15897 108.852 0.18744596536563965 -0.019851496332042272 0.9820348185495873 -0.008805868372941143
37081.7 42.231 -2.20941 109.862 0.1860929037834392 -0.0184631904538827 0.9823154921084234 -0.009209545238341969
37081.9 42.6177 -2.2542 110.849 0.18460509879604964 -0.01780770953024248 0.9826035258649266 -0.00970329519296184
37082.1 42.9838 -2.29105 111.791 0.18320700700603398 -0.016730000639773306 0.9828790375863566 -0.010202800390166114
37082.3 43.3375 -2.32833 112.704 0.18176993012675158 -0.016940593487953175 0.9831506220721019 -0.00935751640292502
37082.5 43.6677 -2.36597 113.574 0.18052207528333342 -0.016965607075187083 0.9833844101019575 -0.008891033707838248
37082.7 43.9925 -2.38932 114.422 0.17932492387173254 -0.017039292766360587 0.9836035824337467 -0.008730796293541461
37082.9 44.303 -2.43323 115.251 0.17860097167654734 -0.016772497340131858 0.9837458439925685 -0.008030608726465126
37083.1 44.5987 -2.4642 116.022 0.17831896953896664 -0.01734809703654096 0.983791831945441 -0.007417548732909909
37083.3 44.8868 -2.49245 116.772 0.17794798801051115 -0.017955598790217 0.9838519337116315 -0.0068907595357256615
37083.5 45.1655 -2.5271 117.496 0.17765805886991018 -0.018525906138862694 0.9838973260305081 -0.006360562107676523
