3033.577278696 0.01871 0.20399 -0.02121  -0.017115001724336526 0.0068150006866113805 0.7110450716377946 0.7029050708176894
3033.625308696 0.02009 0.22758 -0.01391  -0.004865031902794513 -0.00127500836095849 0.7144096847925889 0.6997095883956558
3033.677027696 0.01969 0.24482 -0.00776  -0.0007749978164079706 -0.003344990575335062 0.7176329780360512 0.6964130378242096
3033.725308696 0.02163 0.26714 -0.00474  0.0018549976948884935 -0.005744992860989006 0.7207641043430423 0.6931541386525449
3033.777238696 0.02371 0.2914 -0.0018  0.004974998525659414 -0.007684997722551271 0.7235847855656805 0.6901747954667296
3033.821308696 0.02228 0.31766 -0.00157  0.0038550108431970463 -0.008335023444370197 0.7256270410103299 0.6880269352504839
3033.877147696 0.01956 0.35108 -0.00161  0.0033050021956788998 -0.008645005743311432 0.7277354834712291 0.6857954556083623
3033.925306696 0.01809 0.37928 -0.00115  0.0035000015424510008 -0.009430004155803704 0.7291403213322104 0.6842903015668024
3033.977308696 0.02257 0.41142 -0.01818  0.004625017164626792 -0.010175037762178938 0.7307277119182531 0.6825775332205709
3034.025307696 0.01771 0.43894 -0.00211  0.0027349949890835253 -0.010634980515138311 0.731023660656227 0.6822637499916157
3034.077285696 0.01674 0.47157 -0.0023  0.0016999996547300722 -0.010839997798396655 0.7314098514506742 0.6818498615163073
3034.125306696 0.01566 0.50315 -0.0022  -0.0005049991189035986 -0.009934982665954054 0.7309637246521541 0.6823438094816769
3034.177270696 0.01453 0.5411 -0.00348  -0.004364995844744227 -0.00908499135154655 0.7299143051584079 0.6834643493764224
3034.225306696 0.01396 0.57644 -0.00531  -0.00878002728397717 -0.008730027128601459 0.7284922637932272 0.6849421284609714
3034.277090696 0.0124 0.61674 -0.00831  -0.011134970121018002 -0.010524971757854914 0.7266630501113206 0.6868231570155544
3034.325308696 0.01261 0.65492 -0.0075  -0.017125080110455885 -0.012125056720541736 0.7246683899704239 0.6887782220776205
3034.377059696 0.01211 0.6953 -0.00888  -0.023380047835626878 -0.015440031590336906 0.7225014782395368 0.6908014133811377
3034.425306696 0.01256 0.73336 -0.01  -0.02967994801561652 -0.01946996589838465 0.7204587381176254 0.692588786931802
3034.477257696 0.01142 0.77228 -0.01016  -0.03472007359621805 -0.024910052801894886 0.7185015230092925 0.6942114715216158
3034.525308696 0.0109 0.80968 -0.0099  -0.03826994054769351 -0.029109954777720357 0.716838886391655 0.6955789194189881
3034.577208696 0.01141 0.84751 -0.00921  -0.04200995572573092 -0.0326799655586025 0.7152692461781388 0.696819265622563
3034.625305696 0.01092 0.88602 -0.00911  -0.04433004777451829 -0.03402003666341318 0.7140307695113749 0.6978807521064918
3034.677308696 0.00989 0.92701 -0.00883  -0.044755040241512535 -0.03488503136689003 0.7126356407666244 0.6992356287179983
3034.725306696 0.0101 0.96504 -0.00899  -0.04371001418390187 -0.033550010886980314 0.7116202309208024 0.7004002272799106
3034.777245696 0.01099 1.00545 -0.00969  -0.04247995103338872 -0.03192996319435262 0.710449181065701 0.7017391911057006
3034.825304696 0.01116 1.04406 -0.01097  -0.0408999335253921 -0.02924995246009086 0.709658846592414 0.7027488578232095
3034.877155696 0.01251 1.08406 -0.011  -0.03965012716212667 -0.027560088388101298 0.7088422733317001 0.703712256879198
3034.925301696 0.01413 1.11995 -0.01223  -0.03793493000063498 -0.025774952438812896 0.7087436921919087 0.7039737009937268
3034.977046696 0.01729 1.15765 -0.01186  -0.03635010325261495 -0.026190074393012002 0.7089820138662706 0.7038019991524179
3035.025303696 0.01945 1.1939 -0.01173  -0.035349928190228815 -0.026049947082191313 0.7093685589901729 0.7034685709753963
3035.077017696 0.021 1.23397 -0.0125  -0.03435497346251104 -0.025074980630838697 0.7097044517890079 0.7032144568022026
3035.125293696 0.02274 1.27221 -0.01363  -0.03428498862938543 -0.023034992360446073 0.7099747645369084 0.7030147668451913
3035.176901696 0.02502 1.31218 -0.01456  -0.0344899435986413 -0.021499964841136247 0.7100188389071421 0.7030088503705669
3035.225308696 0.02678 1.34978 -0.01481  -0.03488483072700236 -0.021014898028606944 0.7099915548808371 0.7030315886529473
3035.277282696 0.02727 1.39279 -0.0166  -0.034579943354641124 -0.018549969613319693 0.7099788369846199 0.7031288482055772
3035.325304696 0.02938 1.43118 -0.01718  -0.03503502947323099 -0.01748501470927482 0.7101055973765851 0.7030055914037024
3035.377254696 0.03046 1.47564 -0.01862  -0.034035019309773706 -0.016105009137179493 0.7103454030145787 0.7028453987594501
3035.425298696 0.0307 1.51731 -0.02013  -0.033434932520015524 -0.014294971149203651 0.7104935660478073 0.7027635816488328
3035.477308696 0.03087 1.56324 -0.02188  -0.03229513056463249 -0.012925052254153174 0.7106078728868462 0.702727841028995
3035.525304696 0.03039 1.60517 -0.0234  -0.03199019701863307 -0.0119500735971449 0.7104443754272485 0.7029243291133966
3035.577308696 0.0306 1.65027 -0.02473  -0.03137497693155672 -0.011444991585073002 0.7100344779473421 0.7033744828441018
3035.625296696 0.0309 1.69215 -0.02648  -0.031035086996126077 -0.010475029363119689 0.7094769887732084 0.703966973327787
3035.677308696 0.03223 1.73724 -0.028  -0.030940112634591052 -0.009640035093647607 0.7087225800383766 0.7047425655495055
3035.725290696 0.03372 1.77908 -0.02972  -0.03061011553197704 -0.009430035591850539 0.7081026725969608 0.7053826623308067
3035.777308696 0.0355 1.82388 -0.03131  -0.030334966687674634 -0.009454989617008849 0.7076042229448493 0.7058942248226826
3035.825302696 0.03695 1.86527 -0.03261  -0.030405075059581104 -0.008885021934036513 0.7072667459962076 0.7062367434534887
3035.877308696 0.03877 1.90958 -0.03413  -0.03106510723538204 -0.008065027840120847 0.7070274406275862 0.7064574386599645
3035.925301696 0.03999 1.95117 -0.03638  -0.031425021040629865 -0.006945004650029456 0.7068854732953271 0.7065954731011574
3035.977308696 0.04148 1.99509 -0.03828  -0.03207012432007791 -0.006580025507518349 0.7066427393058884 0.7068127399648974
3036.025296696 0.04274 2.03498 -0.04055  -0.03236495508556476 -0.005894991819230799 0.7065240195219723 0.7069240189668734
3036.077308696 0.04393 2.07817 -0.04278  -0.03282004604983888 -0.005250007366290541 0.7063309910537088 0.707100992134098
3036.125307696 0.04526 2.11746 -0.04448  -0.03268994791514748 -0.005269991603329086 0.7062388747504973 0.7071988732209329
3036.177308696 0.04738 2.15856 -0.04633  -0.032130049075474454 -0.0054500083243490685 0.7063310788509137 0.7071310800728364
3036.225307696 0.04742 2.19848 -0.04786  -0.031639999341888006 -0.005999999875200048 0.7065199853043845 0.7069599852952325
3036.277308696 0.0484 2.2397 -0.04873  -0.0316951533906507 -0.006085029448875518 0.7067484203525943 0.7067284202558024
3036.325294696 0.0495 2.27827 -0.05117  -0.03174491171593601 -0.004514987443611621 0.7072130332079289 0.706273035822105
3036.373308696 0.05063 2.31711 -0.05396  -0.03232498624733748 -0.002374998989556929 0.7076246989411359 0.7058446996984363
3036.425303696 0.04352 2.35868 -0.05978  -0.031215044751480996 -0.006725009641316948 0.7072660139726477 0.7062260124816485
3036.477308696 0.05242 2.40064 -0.06012  -0.033600022441462485 0.00021000014025913656 0.7084004731408341 0.7050104708766508
3036.525301696 0.05324 2.43953 -0.06587  -0.0348799626191641 0.0035199962276220805 0.708689240498148 0.704649244827809
3036.577308696 0.05473 2.48161 -0.06866  -0.0349299699986617 0.00427999632391278 0.7091593909032609 0.7041693951891662
3036.621308696 0.05544 2.51786 -0.07074  -0.034900004167060704 0.005200000620880048 0.7096600847334192 0.7036600840170191
3036.677308696 0.05608 2.56275 -0.07383  -0.0350649576187646 0.00595499280250234 0.710454141310121 0.7028441505079308
3036.725307696 0.05699 2.60077 -0.07718  -0.03557498378314733 0.00798499636004028 0.711514675656109 0.7017246801188776
3036.777308696 0.05807 2.64057 -0.07938  -0.03538512781308175 0.007855028372806477 0.713077575676509 0.7001475289724495
3036.825301696 0.05853 2.6789 -0.08099  -0.034929999458585076 0.007939999876930049 0.7148399889199802 0.6983699891752653
3036.877308696 0.05972 2.71823 -0.08298  -0.03424005489027601 0.00780001250421005 0.7171911497300537 0.695991115744252
3036.926533696 0.05998 2.75424 -0.08465  -0.03370515913422874 0.006445030429316236 0.7196983979560527 0.6934382739725237
3036.977308696 0.05954 2.79044 -0.08638  -0.03280484776125597 0.004644978443866301 0.7227816457588606 0.6902817965821856
3037.025306696 0.05809 2.82567 -0.08821  -0.03259017218737061 0.0033300175938613887 0.7261138363599776 0.6867936286150432
3037.073439696 0.05655 2.86011 -0.08954  -0.03232000591456161 0.0032600005965801432 0.7299201335753968 0.6827601249451142
3037.125308696 0.05437 2.8968 -0.09143  -0.032079916714228364 0.0027199929383635484 0.7345980928389071 0.6777382404582641
3037.176970696 0.05066 2.93935 -0.09742  -0.03056493229110881 -0.007784982754336016 0.7397033613739437 0.6721935109249743
3037.221308696 0.05153 2.96535 -0.09328  -0.03054008257744097 0.002590007003129392 0.7450520145488657 0.666301801615877
3037.277088696 0.04775 3.0031 -0.09491  -0.029825059502544216 0.00327500653380827 0.7516964996735975 0.6588263143927496
3037.325307696 0.04381 3.03637 -0.09492  -0.02786508458319935 0.0028350086055398847 0.7578073002896608 0.6518769787429782
3037.374727696 0.03867 3.06988 -0.09338  -0.024439942553982512 -0.00016999960041641786 0.7643582033781544 0.6443284855076747
3037.425308696 0.03391 3.10377 -0.09323  -0.022855000042281744 -0.0012050000022292855 0.7710650014264703 0.6363450011772382
3037.476179696 0.0274 3.13824 -0.09097  -0.01885499791746561 -0.004054999552125314 0.7780349140660485 0.6279249306456951
3037.525308696 0.02013 3.16962 -0.08715  -0.014470015027118373 -0.006960007227971276 0.7846108148187543 0.6197806436425326
3037.576861696 0.01325 3.20122 -0.08515  -0.010695021326428543 -0.007275014506757152 0.79139657808592 0.6111662186972135
3037.625308696 0.00505 3.23207 -0.08154  -0.006084994532330595 -0.009404991549148676 0.7976742832500948 0.6029844581885585
3037.676886696 -0.00291 3.26343 -0.07999  -0.0037549772803909453 -0.009424942974083793 0.8042301339800839 0.5942314045840521
3037.725308696 -0.01122 3.29299 -0.07948  -0.0033600118309584826 -0.009570033697104971 0.810332853268033 0.5858820629529639
3037.776949696 -0.02105 3.32456 -0.07983  -0.004240002920939053 -0.00990000682011704 0.8167505626596564 0.5768903974199316
3037.825308696 -0.02972 3.35286 -0.07987  -0.003805013152240928 -0.009245031955970472 0.8225278431135298 0.5686369655255002
3037.876973696 -0.03912 3.38184 -0.0796  -0.003195007856693772 -0.007745019045412454 0.8285270373919164 0.5598863767902877
3037.925308696 -0.04919 3.40875 -0.07839  -0.002195013749060458 -0.007805048889028074 0.8340902245490067 0.5515684548977298
3037.976752696 -0.06005 3.43637 -0.07715  -0.001384996546584694 -0.00747498136153096 0.8397929060209891 0.5428536464232628
3038.025308696 -0.0704 3.46138 -0.07572  0.0010099991821029817 -0.0077299937402536 0.8449493157603211 0.5347895669275841
3038.076904696 -0.08306 3.48798 -0.07465  0.0024600114073452875 -0.008610039925708654 0.8505039438809824 0.5258924386214812
3038.121308696 -0.09475 3.51111 -0.07425  0.002580003618715568 -0.009220012931999165 0.8551811994779916 0.5182407268849533
3038.173718696 -0.10782 3.53898 -0.0752  0.001264999995888737 -0.008644999971903778 0.8605949972030662 0.5092149983450512
3038.225569696 -0.12135 3.56492 -0.07555  0.0007599988164548213 -0.007599988164547685 0.865928651490361 0.5001092211805163
3038.269308696 -0.13447 3.58596 -0.07437  0.0013450019165618242 -0.008285011805735942 0.8703762402435071 0.49231570152575865
3038.325884696 -0.15086 3.61462 -0.0745  0.0005150022611481761 -0.007975035014866898 0.8761088466081408 0.4820471164566134
3038.376727696 -0.16575 3.63894 -0.07483  0.0001599997540005229 -0.007419988591776262 0.8812086451427495 0.47266927327155095
3038.426091696 -0.18032 3.66136 -0.07462  0.0002950014382977825 -0.006735032837069401 0.8861093202808283 0.46342725946828317
3038.475927696 -0.1956 3.68354 -0.07434  0.0008899984416140694 -0.006929987865601836 0.8909084400206873 0.45412920482045854
3038.526058696 -0.21087 3.70511 -0.07382  0.0014499958817275514 -0.006789980715124159 0.8957674558448849 0.44446873762168404
3038.577244696 -0.22709 3.72713 -0.07357  0.0016749939813386708 -0.006674976015185501 0.9007017635592028 0.43438343915451155
3038.626616696 -0.24358 3.74768 -0.07366  0.0018500105737656411 -0.006860039208666177 0.9054551751438429 0.42438242556468503
3038.677308696 -0.25942 3.76762 -0.07402  0.0023049974973503194 -0.006254993208644807 0.9102140117356732 0.41408455040794345
3038.726367696 -0.27704 3.78677 -0.07419  0.0026399828346234068 -0.006999954485743888 0.914884051351749 0.4036473754529325
3038.777308696 -0.29439 3.80572 -0.07423  0.0026999930172871183 -0.006779982465632087 0.9197576213259155 0.39241898512733303
3038.826645696 -0.31235 3.8241 -0.07437  0.0020699985851564727 -0.006969995236009917 0.9244393681459078 0.3812597394090571
3038.877289696 -0.33044 3.84267 -0.07434  0.0014550069118085547 -0.00720503422651564 0.9291194136528899 0.36970675624066085
3038.926783696 -0.34802 3.86007 -0.07427  0.0011349976018094079 -0.007154984881890631 0.9335230275146028 0.3584442426260378
3038.977308696 -0.36567 3.87707 -0.07421  0.0008599991332933227 -0.006539993408997961 0.9378790548059649 0.3468996503947085
3039.026419696 -0.38386 3.89209 -0.07353  0.0007950017362458595 -0.0063350138353685526 0.9420770574514363 0.3353357323572725
3039.077308696 -0.40235 3.90805 -0.07322  0.00038500220758968796 -0.006115035063405769 0.9462504257681844 0.3233768542320294
3039.126962696 -0.41999 3.92188 -0.07342  0.0005350000169327427 -0.005955000188475713 0.9502650300758888 0.31138500985533574
3039.177308696 -0.43722 3.9353 -0.0738  0.0004699999036970813 -0.005619998848462369 0.954339804455794 0.29866993880253584
3039.226722696 -0.45559 3.948 -0.0743  0.00032500019004394297 -0.005595003271679112 0.9582355603284077 0.2859251671947904
3039.277149696 -0.47303 3.96176 -0.07479  -0.00038499891828932387 -0.004974986022050211 0.9620622969454647 0.2727842335728548
3039.326407696 -0.49085 3.9741 -0.07514  -0.0008350013809681797 -0.004815007963307527 0.9657265971682534 0.25951542919994747
3039.377237696 -0.50958 3.98687 -0.07524  -0.0014399955073649089 -0.004619985586129493 0.9693669756766903 0.24556923384974247
3039.426420696 -0.52782 3.99838 -0.07529  -0.0017649976787648721 -0.004584993970049135 0.97272372072324 0.2319146949975894
3039.477231696 -0.54638 4.01003 -0.07548  -0.002124992231361296 -0.004394983932627405 0.9759914319282457 0.21775420392474873
3039.526448696 -0.56553 4.01993 -0.07561  -0.002299998684631122 -0.004609997363543264 0.9789594401332562 0.20398988333821907
3039.577228696 -0.58574 4.02974 -0.07553  -0.002694998593345828 -0.0046549975703246895 0.9818244875368425 0.18971490097833335
3039.626295696 -0.60539 4.038 -0.0756  -0.0027800021714605217 -0.004900003827394477 0.9843507688766858 0.1761301375753042
3039.677247696 -0.62508 4.04636 -0.07581  -0.003004997458824991 -0.004794995945113348 0.9867441655601492 0.16218486284842876
3039.726686696 -0.64512 4.05343 -0.0763  -0.0032550016022749196 -0.0048150023701855294 0.9888554867642332 0.14876507322962532
3039.777205696 -0.66484 4.06024 -0.07658  -0.003510005722015971 -0.0046500075804485315 0.9907916151898076 0.1352702205176932
3039.826195696 -0.68409 4.06573 -0.07704  -0.0035299794573443286 -0.00483997183386586 0.9924542244294463 0.12246928729205638
3039.877229696 -0.70453 4.07215 -0.0772  -0.0038500034261195705 -0.004850004316020716 0.9939608845261848 0.10956009749757407
3039.926289696 -0.72375 4.07723 -0.07752  -0.003804979176357252 -0.004834973539470918 0.9952395533176387 0.09726446769734098
3039.977182696 -0.74349 4.08291 -0.07779  -0.003970006273805944 -0.0044600070481547105 0.9963715745672435 0.08490013416778812
3040.026387696 -0.76162 4.08684 -0.07818  -0.0037449966027278633 -0.004474995940509262 0.9972740953232148 0.07355493327467262
3040.077308696 -0.78107 4.09012 -0.07788  -0.0035649959482061083 -0.004594994777561749 0.9980638656511581 0.061924929619261194
3040.126302696 -0.79292 4.08052 -0.07053  -0.001180002125539716 -0.004350007835676193 0.9986117988010533 0.05248009453247941
3040.177262696 -0.822 4.09478 -0.07766  -0.003499995188559945 -0.004909993250236912 0.9991686264438334 0.040319944572210255
3040.226562696 -0.84303 4.09671 -0.07807  -0.0030899852518446514 -0.005379974321981842 0.9995252293774176 0.030179855954909292
3040.277157696 -0.86577 4.09872 -0.07817  -0.00335500197425148 -0.005515003245304582 0.9997855883240025 0.01967501157776396
3040.326919696 -0.88823 4.10024 -0.07875  -0.003494991879570596 -0.0055449871165146524 0.9999326767091212 0.009574977753043811
3040.377245696 -0.91185 4.10099 -0.07864  -0.0036250083692477173 -0.005625012986763739 0.9999773087002766 -0.0007750017892875073
3040.426530696 -0.93361 4.10127 -0.07904  -0.0033750128654048816 -0.005545021137383637 0.999918811647779 -0.010965041798270727
3040.469308696 -0.95332 4.10051 -0.07881  -0.0035099945507377525 -0.005579991337070225 0.9997784478451646 -0.0199899689655973
3040.526566696 -0.98012 4.09971 -0.07892  -0.0033249970016852714 -0.005664994891593176 0.9994740987246379 -0.03175497136496748
3040.577293696 -1.00491 4.0995 -0.07965  -0.0033749988185818496 -0.005404998107980748 0.9991146502599779 -0.04158498544317843
3040.626896696 -1.03081 4.09782 -0.07993  -0.0033250074495213004 -0.00563501262497816 0.9986672374665186 -0.05119511470022324
3040.677080696 -1.05503 4.09742 -0.08038  -0.003300005828145457 -0.0052400092543885305 0.9981917629080292 -0.05979010559539876
3040.726560696 -1.07957 4.095 -0.08046  -0.0031349889653285623 -0.005234981573682554 0.9976914882817952 -0.06763476193620213
3040.777241696 -1.10486 4.09202 -0.08031  -0.0032250001123912686 -0.005075000176863759 0.9971950347522476 -0.07460500259998433
3040.826681696 -1.1283 4.08948 -0.0803  -0.00317997381652136 -0.004719961136471992 0.9967617927968627 -0.08020933956703793
3040.876933696 -1.15257 4.08534 -0.08057  -0.0030049932906087372 -0.004684989539601322 0.9964227752395322 -0.08432481172398677
3040.926647696 -1.17631 4.08131 -0.08057  -0.0030250051892495955 -0.0044950077109676065 0.9960867087384101 -0.08821515132881114
3040.977164696 -1.20098 4.07746 -0.0805  -0.0030250057900178717 -0.004295008220868326 0.9957169058537676 -0.09230517667689248
3041.026706696 -1.22553 4.07339 -0.08069  -0.003069980479591216 -0.004189973358139164 0.9953136713181414 -0.09655938602909589
3041.077244696 -1.24881 4.06971 -0.08039  -0.0030250084111988424 -0.0039550109971210855 0.9948977663668302 -0.1007652801832894
3041.126757696 -1.27233 4.06648 -0.08047  -0.0028700038225606163 -0.0036400048481256804 0.9944413244972822 -0.10519014010284088
3041.177215696 -1.29711 4.06159 -0.08028  -0.0028999966394858633 -0.0034799959673830726 0.9939588482011541 -0.10965987292621289
3041.226839696 -1.32031 4.05668 -0.0796  -0.0027749999610112474 -0.0034249999518787527 0.9934749860416766 -0.11396499839879178
3041.277255696 -1.34562 4.05255 -0.07986  -0.0025650157311614403 -0.003175019472295347 0.9929210895540697 -0.11870572801852708
3041.326838696 -1.37002 4.04676 -0.07926  -0.0026699883420553106 -0.003279985678629786 0.9923256672178983 -0.12357946041617998
3041.377308696 -1.3966 4.04023 -0.07787  -0.0030349967870023876 -0.0031349966811375627 0.9916239502178609 -0.12908486334438182
3041.426742696 -1.42228 4.03437 -0.07796  -0.002874989691024161 -0.003034989117307254 0.990901446881507 -0.13452451762957576
3041.475516696 -1.44435 4.02926 -0.07712  -0.0028650088011773225 -0.003195009814925523 0.9901880418128272 -0.13967542907659342
3041.526662696 -1.46869 4.02289 -0.07722  -0.002905002027256358 -0.0029950020900629338 0.9892956903802385 -0.1458651017919968
3041.577301696 -1.49146 4.01747 -0.07633  -0.003184991675875858 -0.0027249928781042255 0.9883324169471871 -0.15225460207550476
3041.626351696 -1.51465 4.01074 -0.07616  -0.003154991375054133 -0.0026649927145861126 0.9873223009113492 -0.1586745662239975
3041.677081696 -1.53762 4.00422 -0.07571  -0.003199993611859138 -0.002509994989301975 0.9861880312747981 -0.1655796694536358
3041.725308696 -1.55955 3.99611 -0.07576  -0.003180004019845621 -0.002570003248743166 0.9850412451914251 -0.1722702177669199
3041.777024696 -1.58378 3.98804 -0.07579  -0.003179993377034659 -0.00247999483492014 0.9837479511502756 -0.17950962613569096
3041.825308696 -1.60573 3.98008 -0.07581  -0.0031350037910056697 -0.002525003053361831 0.9825461881446964 -0.18597522489067667
3041.876987696 -1.62876 3.97262 -0.07638  -0.003124983987779314 -0.0022949882406251916 0.9812099723420429 -0.1929040115720223
3041.926210696 -1.65143 3.96396 -0.07651  -0.0030149852234428484 -0.002224989095243877 0.9799101974228958 -0.19940402271330937
3041.977186696 -1.67596 3.95453 -0.07683  -0.0027399926551854572 -0.0021599942099272728 0.9784573771506703 -0.20641944667277293
3042.027151696 -1.69949 3.94443 -0.07689  -0.0027449957528085695 -0.0022349965419043113 0.9770534882551599 -0.21296467049066856
3042.076981696 -1.72369 3.93424 -0.07718  -0.002550004864903878 -0.0021700041399378162 0.9756718613885528 -0.2192104182100348
3042.125308696 -1.74737 3.92358 -0.07694  -0.0025699900950202797 -0.0021699916366513783 0.9743762446637522 -0.224899133217921
3042.176869696 -1.77337 3.91193 -0.07725  -0.002434992424141591 -0.0021349933575122233 0.9730919724723104 -0.23039428318690147
3042.225308696 -1.79754 3.90011 -0.07745  -0.002469995335171246 -0.002209995826205849 0.9721081640782551 -0.2345095571056687
3042.276835696 -1.82416 3.88692 -0.07751  -0.00239998815296771 -0.0020199900287477543 0.9713852049630476 -0.23748882768679327
3042.325308696 -1.84863 3.87484 -0.07763  -0.002455008473599109 -0.0019250066442680989 0.9709983514551439 -0.23906582514907276
3042.376762696 -1.87509 3.8607 -0.07759  -0.002334993817528338 -0.0018849950090110623 0.9709424291905865 -0.23929436640918017
3042.425308696 -1.90032 3.84807 -0.07743  -0.0022799969632741114 -0.0016299978290073836 0.9711287065545371 -0.23853968228920877
3042.476587696 -1.92762 3.83402 -0.07718  -0.00210500481678273 -0.0018050041303054362 0.9715872232370073 -0.23666554155054495
3042.525308696 -1.95481 3.8208 -0.07688  -0.0022599900983270877 -0.001649992770902534 0.9722857401338185 -0.23377897574641737
3042.569307696 -1.97991 3.80868 -0.07668  -0.002319996968461947 -0.0014999980399538657 0.9731087284396553 -0.2303296990283789
3042.625308696 -2.01096 3.79454 -0.07666  -0.0022299946005206127 -0.0013999966101923222 0.9743576407907004 -0.22498945523369157
3042.675996696 -2.03847 3.7812 -0.07697  -0.0022749945223885445 -0.0010749974116780487 0.9757026507547709 -0.21908447249999644
3042.725308696 -2.06552 3.77009 -0.07629  -0.002569997546424544 -0.00088999915031827 0.9771790670875901 -0.2123997972220104
3042.776997696 -2.09442 3.75759 -0.07626  -0.002944995600327164 -0.001074998394007338 0.9788835375980313 -0.20439469464477408
3042.825308696 -2.12044 3.74774 -0.07664  -0.0029899948458513986 -0.001429997534972419 0.9805083098012324 -0.19644966136036568
3042.877117696 -2.14875 3.73533 -0.07616  -0.002980001748069575 -0.0016800009854889405 0.9823805762646151 -0.18686010961217245
3042.925308696 -2.17444 3.72713 -0.07703  -0.003129995203286025 -0.0014999977012553464 0.9840984918702169 -0.17758972784395058
3042.977308696 -2.20381 3.71832 -0.07752  -0.0033450045855026806 -0.001345001843797046 0.9859663516128995 -0.16690522880218964
3043.025667696 -2.22971 3.7107 -0.07819  -0.0034549983010050307 -0.0013349993435143254 0.9875845143554344 -0.1570449227731782
3043.077308696 -2.25665 3.70248 -0.07822  -0.0034749888503423404 -0.0013049958128623453 0.98913182632617 -0.1469845283935481
3043.126981696 -2.28442 3.6958 -0.07858  -0.0036400092034109795 -0.0013000032869325132 0.9905025043896981 -0.13744034750461395
3043.177308696 -2.31227 3.68802 -0.07876  -0.0035849993839179345 -0.0013549997671433091 0.9917648295652286 -0.12801497800062794
3043.227145696 -2.34064 3.68236 -0.07882  -0.0037799847776539028 -0.001199995167509186 0.9928660016373757 -0.11916952009339196
3043.277308696 -2.37016 3.67636 -0.07868  -0.003774998123260119 -0.0010449994804786135 0.9938545059053552 -0.1106249450028223
3043.327059696 -2.40032 3.67093 -0.07884  -0.0038349935746654334 -0.0009349984334582315 0.9947133334089417 -0.10261482807413032
3043.377308696 -2.43112 3.66567 -0.07893  -0.0038050002775748396 -0.00105500007696234 0.9954450726177206 -0.09525500694885305
3043.427021696 -2.46279 3.66092 -0.07939  -0.003975000272486312 -0.0009850000675217557 0.9960450682788918 -0.08875500608415593
3043.476993696 -2.49472 3.65727 -0.07948  -0.003900006179564703 -0.0007900012517579637 0.996551579037228 -0.08288013132367208
3043.526893696 -2.52616 3.65292 -0.07962  -0.004175026852815322 -0.0006950044701094158 0.9969314120342296 -0.07816550274258903
3043.577308696 -2.55839 3.64983 -0.07955  -0.004245016149133428 -0.0007150027200542934 0.9972187936768119 -0.07440528305683651
3043.627020696 -2.58965 3.64654 -0.08015  -0.004109989786277082 -0.0006199984592437669 0.9974075213456485 -0.07183982147108142
3043.676859696 -2.62094 3.64376 -0.08045  -0.003559996361685538 -0.0007199992641610469 0.9975389805156828 -0.07001992843966973
3043.727038696 -2.65182 3.64121 -0.08072  -0.003359997278403289 -0.0004599996274004255 0.9976191919287818 -0.06887994420726784
3043.777307696 -2.68209 3.63872 -0.08097  -0.0031349931536526943 -0.0005849987224519328 0.9976628212564269 -0.06825485094180649
3043.827016696 -2.71175 3.63645 -0.08108  -0.002854990988092447 -0.0006149980587309481 0.9976718508038896 -0.06813478492948409
3043.877260696 -2.74203 3.63427 -0.08156  -0.002590006477355261 -0.0008100020257365907 0.9976624950572538 -0.06828017076209263
3043.926785696 -2.77115 3.63187 -0.08194  -0.0024349999981737257 -0.0008349999993737706 0.9976549992517587 -0.06839499994870377
3043.977305696 -2.80164 3.62936 -0.08178  -0.002430007817347706 -0.0009900031848453295 0.9976332093911968 -0.06871022104113672
3044.027105696 -2.83017 3.62565 -0.08234  -0.002115002132028971 -0.0012850012953462464 0.9976160056473213 -0.06896506952027336
3044.077308696 -2.85803 3.62282 -0.08309  -0.0016750048643049149 -0.0014550042254111398 0.9975978970783796 -0.06923520106277761
3044.125670696 -2.88535 3.62085 -0.08316  -0.0016900061507885845 -0.0012800046585854867 0.9975636306394405 -0.06973025378372047
3044.177307696 -2.91414 3.61836 -0.08309  -0.001760002132243874 -0.0013200015991828254 0.9975312085097912 -0.07019008503533951
3044.225308696 -2.9403 3.61547 -0.08333  -0.0018150104273556083 -0.0015050086463747699 0.9975107307654856 -0.0704754048858879
3044.269308696 -2.96429 3.61389 -0.08313  -0.001984996106731665 -0.001344997361991977 0.997483043588551 -0.07086486100934111
3044.325308696 -2.99328 3.61127 -0.08285  -0.0018600007188904176 -0.0016500006377253107 0.9974503855146485 -0.07132002756519597
3044.377307696 -3.01918 3.60888 -0.08275  -0.00181501038197982 -0.0016350093523619619 0.9974207053126227 -0.07173541033130745
3044.425308696 -3.04438 3.60553 -0.08232  -0.001784997795082876 -0.0018349977333205606 0.9973937679701091 -0.07210491093246377
3044.477306696 -3.07027 3.60295 -0.08217  -0.00160000127712154 -0.0019800015804379042 0.9973607960937052 -0.07256005791746131
3044.525308696 -3.09305 3.60089 -0.08204  -0.0015799975206698695 -0.0019999968616074204 0.9973184350091396 -0.07313988522898221
3044.577306696 -3.11718 3.5982 -0.08211  -0.001419997464880819 -0.0021699961259094205 0.9972682195786369 -0.07381986820950692
3044.625308696 -3.14068 3.59491 -0.08237  -0.0016099975043447907 -0.0021399966827937078 0.9972084542283731 -0.07461988433180688
3044.676830696 -3.16429 3.59274 -0.0824  -0.0013399949683283508 -0.002279991438648217 0.9971362557603894 -0.07557971619869851
3044.725308696 -3.18629 3.5907 -0.08267  -0.0013050007402618763 -0.0022850012961673437 0.9970055655515675 -0.07728504383995352
3044.776501696 -3.20782 3.58909 -0.08288  -0.0011899961581035756 -0.0022799926390556047 0.9968267817499302 -0.07955974314178398
3044.825308696 -3.22934 3.58687 -0.08267  -0.00125000431877241 -0.0020900072209874307 0.9966334433744953 -0.08195028313871736
3044.877305696 -3.24812 3.58481 -0.08224  -0.001365006224510813 -0.0020750094621684537 0.9963995436420987 -0.08474538644408056
3044.925308696 -3.26419 3.58336 -0.08202  -0.0014950120410997254 -0.0018950152627986527 0.9961830234398094 -0.08725570277334853
3044.976846696 -3.27911 3.58185 -0.08198  -0.0015799932093617855 -0.0018299921348937183 0.9959857193621755 -0.0894796154263873
3045.025308696 -3.29149 3.58021 -0.08179  -0.0015499938662214391 -0.0018399927186112713 0.9958260592253332 -0.09123963893809126
3045.077290696 -3.30233 3.57886 -0.08196  -0.0015349993808582102 -0.001764999288087707 0.9956945983866649 -0.09266496262359485
3045.125308696 -3.30936 3.57848 -0.08234  -0.0014649972492504649 -0.0017049967986157402 0.9956031306075368 -0.09364482416796094
3045.177293696 -3.31608 3.57747 -0.08234  -0.0015399942181024916 -0.0015699941054681903 0.9955262623036648 -0.09445964535192732
3045.225308696 -3.3195 3.5773 -0.08239  -0.0015849981789174145 -0.0015349982363647666 0.9954638562624594 -0.09511489071780907
3045.276702696 -3.32171 3.57721 -0.08225  -0.0016400014033497404 -0.0014500012407665458 0.9954308517905444 -0.09546008168522693
3045.325308696 -3.32221 3.57693 -0.08192  -0.0017600028013986697 -0.0014600023238875402 0.9954315844297139 -0.09545015192812774
3045.377302696 -3.32201 3.57737 -0.08164  -0.0018449996202069018 -0.001464999698429837 0.9954347950897685 -0.09541498035882834
3045.425308696 -3.32187 3.57754 -0.08157  -0.0019299961170447066 -0.0014699970425159053 0.9954379972803078 -0.0953798081055571
3045.477295696 -3.31997 3.57839 -0.08165  -0.0019499988660760387 -0.001479999139380721 0.9954494211463301 -0.09525994460635832
3045.525308696 -3.31798 3.57903 -0.08151  -0.00197500390251277 -0.0015250030133326274 0.9954669669948968 -0.09507518786400308
3045.576367696 -3.31655 3.57912 -0.08148  -0.0019249965372231611 -0.0015949971308419826 0.9955032092406627 -0.0946948296583589
3045.617308696 -3.31507 3.57913 -0.08163  -0.001890007586127642 -0.0016500066228099144 0.995533995882372 -0.09437037878458658
3045.677306696 -3.31338 3.57926 -0.08167  -0.0018899970635138348 -0.0016699974053270795 0.9955784531709589 -0.09389985410790994
3045.725308696 -3.31112 3.5796 -0.08185  -0.0018600009353947516 -0.0016700008398436593 0.9956105006926467 -0.0935600470513595
3045.777307696 -3.30911 3.58011 -0.08196  -0.0018350052869330565 -0.0016850048547587205 0.9956278685573658 -0.09337526902854393
3045.825308696 -3.30805 3.58045 -0.08195  -0.0018399924485025022 -0.0016699931461952233 0.995635913819031 -0.09328961713086803
3045.877308696 -3.30654 3.58085 -0.08183  -0.0018750029676633346 -0.0016650026352849768 0.995646575860865 -0.09317514747308141
3045.925308696 -3.30514 3.58115 -0.08205  -0.0018549936970204078 -0.0016649943426086378 0.9956616168969227 -0.09301468395059309
3045.977306696 -3.30355 3.58136 -0.08229  -0.0018449930837795899 -0.0016449938335053858 0.9956812675464122 -0.09280465210849288
3046.025308696 -3.30193 3.58178 -0.08229  -0.0018500057888621378 -0.0016200050691657375 0.9957031156594938 -0.09257028966214652
3046.077308696 -3.30006 3.58237 -0.08228  -0.001820003180822341 -0.0016300028487584376 0.9957217402244061 -0.0923701614354722
3046.125308696 -3.29863 3.58298 -0.08223  -0.0018250003242113646 -0.0016350002904578593 0.9957351768923699 -0.09222501638377563
3046.177308696 -3.29743 3.5834 -0.08199  -0.0018399989370329196 -0.0016799990294647988 0.9957494247557235 -0.09206994681120709
3046.225308696 -3.29605 3.58389 -0.08185  -0.0018249977746903872 -0.0016749979575924887 0.995763785816168 -0.09191488792364977
3046.277308696 -3.29456 3.58444 -0.08192  -0.001815003084509635 -0.0016750028465859835 0.9957766922741377 -0.09177515596742135
3046.325308696 -3.29312 3.5849 -0.08195  -0.0017500002033499975 -0.0017100001987020333 0.9957901157108181 -0.0916300106474079
3046.377308696 -3.29221 3.5851 -0.082  -0.0017200020025994337 -0.0017300020142424904 0.9958011594119648 -0.09151010654527914
3046.425308696 -3.29152 3.58525 -0.08201  -0.001739991036459284 -0.0017199911394884823 0.9958048701244249 -0.09146952879593612
3046.477308696 -3.2911 3.58543 -0.08214  -0.0016350008803664969 -0.0016750009019045461 0.9958055361916354 -0.09146504924936909
3046.525308696 -3.2909 3.58558 -0.08242  -0.0016099994134773313 -0.0016599993952623353 0.9957996372302582 -0.09152996665563919
3046.577307696 -3.29043 3.58587 -0.08248  -0.0016149963886297161 -0.0016449963215455364 0.9957927732604798 -0.09160479515816637
3046.625308696 -3.28984 3.58618 -0.08237  -0.0016300036710984642 -0.0016500037161426178 0.9957922427258147 -0.09161020632473907
3046.677307696 -3.28962 3.58628 -0.08235  -0.0015950038660547457 -0.0016150039145318886 0.9957974136664862 -0.09155522191639356
3046.725308696 -3.28955 3.58646 -0.08276  -0.00151999841768248 -0.0015999983344026024 0.9957989633738187 -0.09153990470700879
3046.776513696 -3.28939 3.58683 -0.08304  -0.0014849972382789708 -0.0015349971452917324 0.9957931480754149 -0.09160482963807637
3046.825308696 -3.28915 3.58726 -0.08295  -0.0015499982550128905 -0.0015499982550128974 0.9957888789415112 -0.09164989682060429
3046.877308696 -3.28876 3.58759 -0.08288  -0.0015250010536998703 -0.001545001067518907 0.9957856880383589 -0.09168506334981644
3046.925308696 -3.28865 3.58769 -0.08292  -0.0014649984114298651 -0.001564998302994979 0.9957839202222916 -0.091704900559845
3046.977308696 -3.28877 3.58781 -0.08295  -0.0014299985907371678 -0.0014899985316072443 0.9957790186602606 -0.09175990957065365
3047.025308696 -3.28891 3.58799 -0.08299  -0.0014149972064445232 -0.0015049970287625233 0.995773034097028 -0.09182481871503065
3047.075759696 -3.28944 3.5881 -0.08309  -0.0013749984417839038 -0.0014949983057941341 0.995763871551232 -0.09192489582617082
3047.125308696 -3.28974 3.58826 -0.08322  -0.001324997195447637 -0.0014749968779511505 0.995752892341871 -0.09204480517356935
3047.165306696 -3.28989 3.5884 -0.08336  -0.0013150054854909983 -0.0014750061529271651 0.9957491537264709 -0.09208538413037681
