1518195890.140035391 -0.00299 0.00421 0.02720 -0.74172 0.02487 0.04168 0.66895
1518195890.175041437 0.00152 0.00505 0.03201 -0.74189 0.02492 0.04165 0.66877
1518195890.210039377 0.00639 0.00572 0.03761 -0.74146 0.02618 0.04007 0.66929
1518195890.240042210 0.01166 0.00586 0.04123 -0.74057 0.02836 0.03812 0.67030
1518195890.275044203 0.01869 0.00488 0.04375 -0.73947 0.03157 0.03570 0.67150
1518195890.310034275 0.02650 0.00457 0.04579 -0.74031 0.03441 0.03157 0.67065
1518195890.340044260 0.03398 0.00391 0.04713 -0.74144 0.03697 0.02789 0.66942
1518195890.375046253 0.04329 0.00262 0.04805 -0.74207 0.04111 0.02498 0.66859
1518195890.410040379 0.05308 0.00111 0.04786 -0.74367 0.04488 0.02181 0.66669
1518195890.440046310 0.06093 -0.00033 0.04695 -0.74582 0.04759 0.01862 0.66419
1518195890.475042343 0.06999 -0.00257 0.04556 -0.74817 0.05042 0.01463 0.66143
1518195890.510045290 0.07957 -0.00471 0.04352 -0.75181 0.05328 0.01046 0.65713
1518195890.540050268 0.08735 -0.00684 0.04175 -0.75545 0.05539 0.00594 0.65284
1518195890.575051308 0.09632 -0.01004 0.03957 -0.76058 0.05693 0.00055 0.64674
1518195890.610052347 0.10475 -0.01355 0.03688 -0.76749 0.05747 -0.00542 0.63845
1518195890.640052319 0.11122 -0.01784 0.03502 -0.77537 0.05576 -0.01264 0.62891
1518195890.675053358 0.11809 -0.02240 0.03223 -0.78295 0.05527 -0.01895 0.61934
1518195890.710053205 0.12381 -0.02657 0.02956 -0.79271 0.05612 -0.02275 0.60659
1518195890.740054369 0.12702 -0.02913 0.02599 -0.80157 0.06171 -0.01945 0.59439
1518195890.775024414 0.12926 -0.03177 0.02028 -0.80716 0.07054 -0.01126 0.58599
1518195890.810056210 0.12922 -0.03306 0.01435 -0.81065 0.07993 -0.00192 0.58005
1518195890.840051413 0.12883 -0.03413 0.01012 -0.81331 0.08483 0.00272 0.57561
1518195890.875052214 0.12758 -0.03474 0.00420 -0.81217 0.08690 0.00377 0.57690
1518195890.910059214 0.12550 -0.03492 -0.00175 -0.81092 0.08690 0.00296 0.57866
1518195890.940055370 0.12278 -0.03519 -0.00763 -0.80818 0.08571 0.00030 0.58267
1518195890.975056410 0.11966 -0.03584 -0.01436 -0.80549 0.08338 -0.00249 0.58671
1518195891.010040283 0.11603 -0.03675 -0.02076 -0.80342 0.08041 -0.00478 0.58994
1518195891.040060282 0.11163 -0.03696 -0.02558 -0.80242 0.07766 -0.00577 0.59166
1518195891.075062275 0.10577 -0.03738 -0.03075 -0.80148 0.07493 -0.00562 0.59328
1518195891.110059261 0.09893 -0.03768 -0.03564 -0.80017 0.07169 -0.00528 0.59544
1518195891.140063286 0.09268 -0.03761 -0.03919 -0.79948 0.06924 -0.00452 0.59668
1518195891.175065279 0.08375 -0.03667 -0.04215 -0.79944 0.06697 -0.00330 0.59699
1518195891.210065365 0.07542 -0.03693 -0.04486 -0.79785 0.06331 -0.00260 0.59952
1518195891.240060329 0.06775 -0.03678 -0.04624 -0.79711 0.06016 -0.00144 0.60082
1518195891.275067329 0.05741 -0.03586 -0.04678 -0.79746 0.05669 -0.00002 0.60070
1518195891.310066223 0.04734 -0.03481 -0.04664 -0.79775 0.05283 0.00076 0.60067
1518195891.340068340 0.03824 -0.03273 -0.04566 -0.79738 0.04935 0.00175 0.60145
1518195891.375068426 0.02682 -0.02988 -0.04463 -0.79754 0.04592 0.00293 0.60151
1518195891.410042286 0.01482 -0.02615 -0.04308 -0.79658 0.04322 0.00495 0.60297
1518195891.440071344 0.00531 -0.02246 -0.04096 -0.79759 0.04036 0.00697 0.60181
1518195891.475070238 -0.00603 -0.01755 -0.03798 -0.79787 0.03643 0.00890 0.60167
1518195891.510067225 -0.01678 -0.01225 -0.03460 -0.79862 0.03279 0.01130 0.60084
1518195891.540070295 -0.02588 -0.00773 -0.03160 -0.79888 0.02976 0.01390 0.60060
1518195891.575072289 -0.03596 -0.00243 -0.02753 -0.79878 0.02635 0.01692 0.60081
1518195891.610073328 -0.04507 0.00220 -0.02250 -0.79810 0.02314 0.02048 0.60173
1518195891.640067339 -0.05221 0.00636 -0.01730 -0.79840 0.02041 0.02311 0.60134
1518195891.675067425 -0.05938 0.01070 -0.01019 -0.79817 0.01760 0.02564 0.60162
1518195891.710061312 -0.06527 0.01500 -0.00270 -0.79770 0.01458 0.02707 0.60227
1518195891.740078211 -0.06935 0.01823 0.00359 -0.79734 0.01228 0.02781 0.60277
1518195891.775078297 -0.07315 0.02187 0.01145 -0.79647 0.00911 0.02838 0.60395
1518195891.810079336 -0.07485 0.02515 0.01958 -0.79638 0.00705 0.03087 0.60397
1518195891.840078354 -0.07514 0.02775 0.02622 -0.79689 0.00446 0.03234 0.60324
1518195891.875079393 -0.07351 0.02891 0.03344 -0.79677 0.00409 0.03663 0.60315
1518195891.910079241 -0.07084 0.02991 0.04099 -0.79665 0.00442 0.04103 0.60303
1518195891.940082312 -0.06840 0.03077 0.04808 -0.79650 0.00452 0.04287 0.60311
1518195891.975056410 -0.06333 0.03071 0.05504 -0.79636 0.00546 0.04538 0.60309
1518195892.010084391 -0.05791 0.03064 0.06269 -0.79706 0.00727 0.04740 0.60200
1518195892.040079355 -0.05276 0.03028 0.06912 -0.79740 0.00880 0.04774 0.60149
1518195892.075075388 -0.04598 0.02956 0.07613 -0.79781 0.01079 0.04742 0.60094
1518195892.110081434 -0.03845 0.03024 0.08335 -0.79986 0.01197 0.04548 0.59834
1518195892.140087366 -0.03259 0.02962 0.08839 -0.80077 0.01408 0.04333 0.59723
1518195892.175087214 -0.02485 0.03003 0.09349 -0.80261 0.01465 0.03853 0.59508
1518195892.210073233 -0.01722 0.03031 0.09756 -0.80475 0.01596 0.03262 0.59250
1518195892.240083218 -0.01066 0.02967 0.10001 -0.80648 0.01671 0.02644 0.59043
1518195892.275090218 -0.00243 0.02805 0.10107 -0.80816 0.01857 0.02124 0.58829
1518195892.310084343 0.00598 0.02555 0.10109 -0.80950 0.02052 0.01643 0.58653
1518195892.340090275 0.01331 0.02219 0.10015 -0.81024 0.02269 0.01266 0.58553
1518195892.375081301 0.02201 0.01823 0.09883 -0.81146 0.02490 0.00867 0.58381
1518195892.410093307 0.03045 0.01403 0.09684 -0.81277 0.02661 0.00462 0.58195
1518195892.440094233 0.03719 0.01072 0.09474 -0.81398 0.02781 0.00120 0.58022
1518195892.475094318 0.04412 0.00626 0.09130 -0.81498 0.02945 -0.00189 0.57874
1518195892.510052204 0.05040 0.00225 0.08704 -0.81627 0.03156 -0.00474 0.57679
1518195892.540090322 0.05495 -0.00029 0.08273 -0.81765 0.03361 -0.00753 0.57468
1518195892.575094223 0.05897 -0.00273 0.07604 -0.81871 0.03658 -0.01052 0.57294
1518195892.610097408 0.06203 -0.00504 0.06857 -0.81999 0.04027 -0.01277 0.57081
1518195892.640098333 0.06393 -0.00707 0.06057 -0.82060 0.04358 -0.01371 0.56968
1518195892.675097227 0.06496 -0.00855 0.05065 -0.82127 0.04763 -0.01416 0.56838
1518195892.710098267 0.06561 -0.00997 0.04073 -0.82222 0.05123 -0.01385 0.56669
1518195892.740099430 0.06522 -0.01025 0.03225 -0.82298 0.05407 -0.01276 0.56535
1518195892.775101423 0.06450 -0.01201 0.02279 -0.82325 0.05578 -0.01196 0.56480
1518195892.810070276 0.06307 -0.01296 0.01320 -0.82310 0.05743 -0.01010 0.56489
1518195892.840098381 0.06044 -0.01230 0.00421 -0.82276 0.05869 -0.00762 0.56531
1518195892.875100374 0.05727 -0.01320 -0.00408 -0.82255 0.05836 -0.00650 0.56565
1518195892.910093307 0.05314 -0.01287 -0.01182 -0.82218 0.05768 -0.00545 0.56627
1518195892.940103292 0.04766 -0.01154 -0.01752 -0.82197 0.05694 -0.00425 0.56666
1518195892.975106239 0.04072 -0.00916 -0.02359 -0.82138 0.05560 -0.00310 0.56765
1518195893.010104418 0.03377 -0.00635 -0.02818 -0.82073 0.05356 -0.00116 0.56880
1518195893.040105343 0.02759 -0.00362 -0.03079 -0.82021 0.05147 0.00124 0.56974
1518195893.075106382 0.01978 -0.00055 -0.03255 -0.81948 0.04847 0.00333 0.57104
1518195893.110109329 0.01190 0.00239 -0.03293 -0.81848 0.04547 0.00497 0.57271
1518195893.140107393 0.00483 0.00514 -0.03239 -0.81750 0.04350 0.00589 0.57426
1518195893.175110340 -0.00354 0.00859 -0.03058 -0.81635 0.04129 0.00643 0.57604
1518195893.210050344 -0.01255 0.01210 -0.02725 -0.81545 0.03921 0.00710 0.57745
1518195893.240110397 -0.01929 0.01541 -0.02305 -0.81470 0.03740 0.00879 0.57860
1518195893.275112391 -0.02806 0.01919 -0.01741 -0.81402 0.03420 0.01120 0.57972
1518195893.305133343 -0.03637 0.02249 -0.01234 -0.81319 0.03104 0.01384 0.58101
1518195893.340112209 -0.04588 0.02711 -0.00540 -0.81271 0.02763 0.01717 0.58175
1518195893.375113249 -0.05583 0.03246 0.00227 -0.81244 0.02465 0.01996 0.58217
1518195893.410116434 -0.06455 0.03738 0.01059 -0.81197 0.02127 0.02332 0.58285
1518195893.440116405 -0.07188 0.04229 0.01860 -0.81190 0.01801 0.02630 0.58293
1518195893.475112200 -0.07965 0.04833 0.02801 -0.81158 0.01426 0.03017 0.58329
1518195893.510080338 -0.08578 0.05343 0.03741 -0.81079 0.01054 0.03506 0.58420
1518195893.540118217 -0.08941 0.05723 0.04546 -0.80986 0.00734 0.04020 0.58520
1518195893.575120211 -0.09270 0.06167 0.05491 -0.80856 0.00387 0.04618 0.58659
1518195893.610071421 -0.09472 0.06537 0.06388 -0.80683 0.00113 0.05104 0.58857
1518195893.640119314 -0.09547 0.06815 0.07146 -0.80529 -0.00088 0.05400 0.59041
1518195893.675122261 -0.09551 0.07057 0.08015 -0.80350 -0.00263 0.05681 0.59258
1518195893.710121393 -0.09373 0.07264 0.08824 -0.80195 -0.00382 0.05878 0.59448
1518195893.740122318 -0.09077 0.07394 0.09453 -0.80084 -0.00471 0.05916 0.59593
1518195893.775124311 -0.08631 0.07517 0.10115 -0.79985 -0.00583 0.05907 0.59726
1518195893.810125351 -0.08057 0.07594 0.10753 -0.79907 -0.00705 0.05863 0.59833
1518195893.840126276 -0.07491 0.07656 0.11196 -0.79866 -0.00834 0.05756 0.59897
1518195893.875124216 -0.06721 0.07748 0.11650 -0.79881 -0.01052 0.05456 0.59901
1518195893.910127401 -0.05983 0.07868 0.11989 -0.79880 -0.01289 0.04975 0.59940
1518195893.940125227 -0.05264 0.07986 0.12222 -0.79957 -0.01504 0.04543 0.59866
1518195893.975128412 -0.04415 0.08022 0.12361 -0.80012 -0.01676 0.04032 0.59825
1518195894.010129213 -0.03550 0.08023 0.12383 -0.80080 -0.01879 0.03524 0.59760
1518195894.040128231 -0.02782 0.07947 0.12353 -0.80154 -0.02004 0.03141 0.59678
1518195894.075126410 -0.01886 0.07785 0.12299 -0.80220 -0.02154 0.02704 0.59605
1518195894.110126257 -0.00994 0.07507 0.12105 -0.80270 -0.02222 0.02361 0.59550
1518195894.140132427 -0.00252 0.07172 0.11864 -0.80298 -0.02253 0.02135 0.59520
1518195894.175133228 0.00580 0.06704 0.11498 -0.80315 -0.02232 0.01949 0.59504
1518195894.210134268 0.01374 0.06263 0.11085 -0.80371 -0.02179 0.01702 0.59437
1518195894.240131378 0.02036 0.05876 0.10645 -0.80439 -0.02104 0.01531 0.59353
1518195894.275135279 0.02750 0.05348 0.10044 -0.80530 -0.01993 0.01396 0.59237
1518195894.310131311 0.03408 0.04799 0.09283 -0.80639 -0.01834 0.01347 0.59095
1518195894.340137243 0.03906 0.04289 0.08524 -0.80739 -0.01666 0.01377 0.58962
1518195894.375137329 0.04403 0.03672 0.07593 -0.80861 -0.01530 0.01407 0.58798
1518195894.410138369 0.04800 0.02981 0.06554 -0.80998 -0.01324 0.01500 0.58611
1518195894.440138340 0.05080 0.02406 0.05623 -0.81136 -0.01185 0.01588 0.58421
1518195894.475137234 0.05293 0.01783 0.04494 -0.81301 -0.01040 0.01635 0.58193
1518195894.510141373 0.05350 0.01199 0.03346 -0.81468 -0.00874 0.01603 0.57962
1518195894.540142298 0.05287 0.00726 0.02312 -0.81589 -0.00756 0.01554 0.57794
1518195894.575141430 0.05065 0.00285 0.01193 -0.81742 -0.00737 0.01420 0.57582
1518195894.610142231 0.04727 -0.00081 0.00126 -0.81902 -0.00811 0.01342 0.57356
1518195894.640144348 0.04312 -0.00327 -0.00769 -0.82035 -0.00945 0.01384 0.57162
1518195894.675141335 0.03713 -0.00575 -0.01736 -0.82171 -0.01173 0.01561 0.56957
1518195894.710145235 0.02969 -0.00738 -0.02570 -0.82314 -0.01441 0.01788 0.56738
1518195894.740146399 0.02232 -0.00818 -0.03171 -0.82414 -0.01609 0.01941 0.56582
1518195894.775147200 0.01264 -0.00799 -0.03757 -0.82544 -0.01772 0.02032 0.56384
1518195894.810146332 0.00255 -0.00704 -0.04263 -0.82662 -0.01908 0.02112 0.56204
1518195894.840148211 -0.00666 -0.00592 -0.04586 -0.82764 -0.02058 0.02212 0.56044
1518195894.875134230 -0.01758 -0.00449 -0.04802 -0.82899 -0.02311 0.02424 0.55826
1518195894.910142422 -0.02918 -0.00245 -0.04900 -0.82998 -0.02681 0.02736 0.55647
1518195894.940151215 -0.03911 -0.00074 -0.04810 -0.83088 -0.03072 0.03118 0.55472
1518195894.975152254 -0.05087 0.00157 -0.04572 -0.83193 -0.03637 0.03668 0.55247
1518195895.010152340 -0.06325 0.00414 -0.04202 -0.83278 -0.04271 0.04204 0.55035
1518195895.040150404 -0.07457 0.00665 -0.03805 -0.83320 -0.04744 0.04668 0.54896
1518195895.075143337 -0.08766 0.00960 -0.03206 -0.83375 -0.05336 0.05114 0.54717
1518195895.110148430 -0.09998 0.01231 -0.02461 -0.83408 -0.05873 0.05519 0.54573
1518195895.140152216 -0.10996 0.01506 -0.01730 -0.83408 -0.06334 0.05843 0.54487
1518195895.175153255 -0.12045 0.01790 -0.00824 -0.83323 -0.06782 0.06234 0.54519
1518195895.210157394 -0.12923 0.02106 0.00213 -0.83200 -0.07167 0.06624 0.54613
1518195895.240158319 -0.13581 0.02376 0.01182 -0.83040 -0.07410 0.06891 0.54790
1518195895.275156260 -0.14159 0.02697 0.02336 -0.82837 -0.07512 0.07223 0.55041
1518195895.310156345 -0.14609 0.03071 0.03595 -0.82593 -0.07549 0.07426 0.55374
1518195895.340160370 -0.14790 0.03432 0.04711 -0.82418 -0.07487 0.07596 0.55619
1518195895.380160332 -0.14734 0.03849 0.06212 -0.82169 -0.07318 0.07853 0.55973
1518195895.410162210 -0.14580 0.04134 0.07368 -0.81947 -0.07089 0.08037 0.56301
1518195895.440160275 -0.14343 0.04465 0.08443 -0.81742 -0.06873 0.08095 0.56616
1518195895.475161314 -0.13896 0.04818 0.09584 -0.81512 -0.06594 0.08156 0.56971
1518195895.510163307 -0.13312 0.05197 0.10653 -0.81327 -0.06195 0.08110 0.57286
1518195895.540164232 -0.12690 0.05506 0.11393 -0.81225 -0.05815 0.07967 0.57491
1518195895.575154305 -0.11921 0.05793 0.12169 -0.81119 -0.05320 0.07670 0.57728
1518195895.610166311 -0.11066 0.06140 0.12745 -0.81064 -0.04878 0.07157 0.57910
1518195895.640150309 -0.10175 0.06408 0.13078 -0.81093 -0.04496 0.06721 0.57952
1518195895.675167322 -0.09115 0.06682 0.13286 -0.81116 -0.04112 0.06127 0.58015
1518195895.710164309 -0.08044 0.06888 0.13331 -0.81150 -0.03780 0.05515 0.58052
1518195895.740169287 -0.07163 0.07018 0.13212 -0.81177 -0.03530 0.04988 0.58077
1518195895.775169373 -0.06171 0.07056 0.12985 -0.81237 -0.03225 0.04429 0.58057
1518195895.810161352 -0.05213 0.07076 0.12610 -0.81328 -0.02938 0.03860 0.57985
1518195895.840168238 -0.04470 0.07016 0.12141 -0.81397 -0.02720 0.03411 0.57926
1518195895.875172377 -0.03679 0.06795 0.11519 -0.81470 -0.02441 0.02946 0.57861
1518195895.910164356 -0.02931 0.06511 0.10807 -0.81570 -0.02213 0.02541 0.57749
1518195895.940171242 -0.02316 0.06229 0.10139 -0.81695 -0.02016 0.02225 0.57592
1518195895.975157261 -0.01736 0.05875 0.09169 -0.81828 -0.01769 0.01907 0.57422
1518195896.010168314 -0.01246 0.05490 0.08125 -0.82007 -0.01513 0.01587 0.57184
1518195896.040175200 -0.00965 0.05172 0.07189 -0.82194 -0.01289 0.01260 0.56929
1518195896.075176239 -0.00707 0.04830 0.06008 -0.82426 -0.01038 0.00996 0.56603
1518195896.110176325 -0.00551 0.04468 0.04707 -0.82715 -0.00880 0.00849 0.56184
1518195896.140176296 -0.00566 0.04165 0.03528 -0.82979 -0.00788 0.00759 0.55797
1518195896.175178289 -0.00712 0.03912 0.02059 -0.83280 -0.00687 0.00680 0.55349
1518195896.210178375 -0.00887 0.03753 0.00560 -0.83582 -0.00591 0.00610 0.54894
1518195896.240179300 -0.01096 0.03649 -0.00743 -0.83822 -0.00529 0.00617 0.54527
1518195896.275176287 -0.01404 0.03546 -0.02218 -0.84073 -0.00512 0.00688 0.54138
1518195896.310181379 -0.01836 0.03494 -0.03660 -0.84311 -0.00558 0.00881 0.53765
1518195896.340182304 -0.02330 0.03454 -0.04780 -0.84512 -0.00686 0.01087 0.53443
1518195896.375181437 -0.03017 0.03508 -0.06059 -0.84724 -0.00862 0.01447 0.53094
1518195896.410183430 -0.03810 0.03518 -0.07076 -0.84936 -0.01123 0.01812 0.52739
1518195896.440185308 -0.04654 0.03661 -0.07904 -0.85103 -0.01369 0.02169 0.52450
1518195896.475186348 -0.05672 0.03886 -0.08636 -0.85275 -0.01702 0.02662 0.52136
1518195896.510187387 -0.06774 0.04087 -0.09138 -0.85429 -0.02090 0.03202 0.51839
1518195896.540187359 -0.07778 0.04321 -0.09451 -0.85516 -0.02402 0.03726 0.51647
1518195896.575188398 -0.08970 0.04654 -0.09609 -0.85628 -0.02788 0.04314 0.51395
1518195896.610189199 -0.10118 0.05034 -0.09454 -0.85742 -0.03195 0.04912 0.51128
1518195896.640185356 -0.11089 0.05378 -0.09200 -0.85805 -0.03547 0.05398 0.50949
1518195896.675190210 -0.12133 0.05756 -0.08676 -0.85882 -0.03889 0.05901 0.50737
1518195896.710191250 -0.13144 0.06143 -0.07968 -0.85917 -0.04175 0.06366 0.50600
1518195896.740191221 -0.13923 0.06442 -0.07195 -0.85912 -0.04354 0.06755 0.50542
1518195896.775190353 -0.14815 0.06865 -0.06232 -0.85854 -0.04535 0.07110 0.50577
1518195896.810192347 -0.15554 0.07359 -0.05132 -0.85751 -0.04724 0.07448 0.50686
1518195896.840194225 -0.16118 0.07849 -0.04133 -0.85653 -0.04849 0.07681 0.50804
1518195896.875195265 -0.16653 0.08445 -0.02865 -0.85509 -0.04992 0.07954 0.50990
1518195896.910194397 -0.17074 0.09077 -0.01455 -0.85369 -0.05105 0.08254 0.51166
1518195896.940194368 -0.17343 0.09695 -0.00262 -0.85239 -0.05200 0.08410 0.51347
1518195896.975195408 -0.17420 0.10360 0.01091 -0.85041 -0.05287 0.08635 0.51629
1518195897.005195379 -0.17375 0.10918 0.02320 -0.84856 -0.05327 0.08828 0.51896
1518195897.040197372 -0.17120 0.11522 0.03626 -0.84645 -0.05373 0.08992 0.52206
1518195897.075199366 -0.16667 0.12076 0.04854 -0.84391 -0.05437 0.09168 0.52579
1518195897.110200405 -0.16152 0.12487 0.05974 -0.84084 -0.05491 0.09251 0.53048
1518195897.140198231 -0.15634 0.12809 0.06840 -0.83874 -0.05487 0.09200 0.53388
1518195897.175201416 -0.14966 0.13126 0.07701 -0.83610 -0.05461 0.08956 0.53845
1518195897.210202217 -0.14179 0.13476 0.08425 -0.83396 -0.05399 0.08565 0.54246
1518195897.240202427 -0.13406 0.13733 0.08914 -0.83270 -0.05269 0.08201 0.54508
1518195897.275197268 -0.12418 0.14011 0.09316 -0.83149 -0.05072 0.07664 0.54789
1518195897.310204268 -0.11354 0.14198 0.09592 -0.83071 -0.04816 0.07091 0.55007
1518195897.340206385 -0.10428 0.14324 0.09667 -0.83054 -0.04575 0.06564 0.55118
1518195897.375203371 -0.09318 0.14464 0.09611 -0.83082 -0.04284 0.05909 0.55173
1518195897.410207272 -0.08143 0.14581 0.09362 -0.83163 -0.04000 0.05269 0.55137
1518195897.440208435 -0.07189 0.14569 0.09072 -0.83265 -0.03740 0.04781 0.55046
1518195897.475208282 -0.06148 0.14450 0.08553 -0.83404 -0.03464 0.04176 0.54903
1518195897.510210276 -0.05173 0.14282 0.07934 -0.83591 -0.03187 0.03604 0.54675
1518195897.540208340 -0.04375 0.14089 0.07299 -0.83747 -0.02994 0.03253 0.54469
1518195897.575208426 -0.03518 0.13803 0.06451 -0.83954 -0.02805 0.02926 0.54179
1518195897.610212326 -0.02739 0.13402 0.05422 -0.84149 -0.02571 0.02640 0.53902
1518195897.640211344 -0.02160 0.13044 0.04520 -0.84315 -0.02413 0.02455 0.53658
1518195897.675213337 -0.01645 0.12578 0.03353 -0.84517 -0.02216 0.02226 0.53357
1518195897.710212231 -0.01269 0.12123 0.02123 -0.84745 -0.02033 0.01979 0.53011
1518195897.740214348 -0.01055 0.11696 0.01083 -0.84923 -0.01907 0.01791 0.52738
1518195897.775216341 -0.00928 0.11244 -0.00166 -0.85130 -0.01796 0.01642 0.52411
1518195897.810216427 -0.00977 0.10779 -0.01460 -0.85318 -0.01749 0.01588 0.52107
1518195897.840216398 -0.01148 0.10447 -0.02524 -0.85474 -0.01742 0.01677 0.51849
1518195897.875215292 -0.01485 0.10079 -0.03724 -0.85663 -0.01814 0.01911 0.51526
1518195897.910219431 -0.01918 0.09759 -0.04923 -0.85839 -0.01933 0.02242 0.51214
1518195897.940218210 -0.02431 0.09568 -0.05898 -0.85970 -0.02035 0.02469 0.50980
1518195897.975217342 -0.03166 0.09414 -0.06912 -0.86152 -0.02240 0.02705 0.50651
1518195898.010216236 -0.04032 0.09314 -0.07860 -0.86316 -0.02547 0.03036 0.50336
1518195898.040222406 -0.04885 0.09236 -0.08455 -0.86464 -0.02818 0.03343 0.50049
1518195898.075223207 -0.05986 0.09130 -0.08961 0.86629 0.03222 -0.03790 -0.49706
1518195898.110222340 -0.07167 0.09023 -0.09312 0.86762 0.03747 -0.04378 -0.49388
1518195898.140216351 -0.08271 0.08986 -0.09367 0.86870 0.04182 -0.04871 -0.49117
1518195898.175220251 -0.09635 0.09005 -0.09213 0.86984 0.04666 -0.05484 -0.48806
1518195898.210226297 -0.11027 0.09092 -0.08890 0.87071 0.05147 -0.06028 -0.48537
1518195898.240223408 -0.12199 0.09215 -0.08464 0.87115 0.05470 -0.06384 -0.48376
1518195898.275222301 -0.13363 0.09437 -0.07753 0.87155 0.05845 -0.06817 -0.48202
1518195898.310228348 -0.14444 0.09730 -0.06879 0.87168 0.06159 -0.07238 -0.48077
1518195898.340229273 -0.15283 0.10061 -0.06026 0.87149 0.06381 -0.07538 -0.48037
1518195898.375228405 -0.16040 0.10459 -0.04903 0.87098 0.06548 -0.07901 -0.48048
1518195898.410228252 -0.16683 0.10781 -0.03633 0.87001 0.06675 -0.08262 -0.48145
1518195898.440231323 -0.17153 0.11163 -0.02479 0.86946 0.06744 -0.08444 -0.48204
1518195898.475232363 -0.17582 0.11617 -0.01137 0.86838 0.06740 -0.08672 -0.48358
1518195898.510231256 -0.18023 0.12077 0.00298 0.86744 0.06710 -0.08818 -0.48506
1518195898.540232420 -0.18340 0.12565 0.01465 0.86699 0.06669 -0.08816 -0.48591
1518195898.575232267 -0.18667 0.13239 0.02805 0.86656 0.06642 -0.08706 -0.48691
1518195898.610230207 -0.18968 0.13886 0.04208 0.86634 0.06577 -0.08586 -0.48760
1518195898.640225410 -0.19129 0.14474 0.05323 0.86636 0.06545 -0.08471 -0.48781
1518195898.675235271 -0.19233 0.15156 0.06565 0.86634 0.06546 -0.08417 -0.48794
1518195898.710231304 -0.19396 0.15743 0.07780 0.86600 0.06539 -0.08302 -0.48874
1518195898.740237236 -0.19436 0.16255 0.08759 0.86585 0.06503 -0.08162 -0.48930
1518195898.775234222 -0.19304 0.16797 0.09802 0.86544 0.06411 -0.08062 -0.49030
1518195898.810236216 -0.19046 0.17344 0.10790 0.86502 0.06257 -0.07946 -0.49144
1518195898.840238333 -0.18734 0.17784 0.11592 0.86473 0.06116 -0.07896 -0.49221
1518195898.875241280 -0.18331 0.18313 0.12508 0.86441 0.05938 -0.07804 -0.49314
1518195898.910242319 -0.17840 0.18820 0.13329 0.86402 0.05759 -0.07739 -0.49413
1518195898.940241337 -0.17339 0.19272 0.13959 0.86373 0.05638 -0.07729 -0.49479
1518195898.975240231 -0.16666 0.19753 0.14683 0.86340 0.05558 -0.07857 -0.49526
1518195899.010242224 -0.15942 0.20115 0.15366 0.86285 0.05498 -0.08070 -0.49593
1518195899.040237427 -0.15324 0.20436 0.15867 0.86227 0.05453 -0.08199 -0.49679
1518195899.075244427 -0.14542 0.20714 0.16474 0.86175 0.05397 -0.08309 -0.49757
1518195899.110246420 -0.13785 0.21040 0.17057 0.86156 0.05364 -0.08317 -0.49792
1518195899.140246391 -0.13044 0.21322 0.17522 0.86162 0.05345 -0.08347 -0.49777
1518195899.175238371 -0.12251 0.21610 0.17855 0.86165 0.05390 -0.08278 -0.49780
1518195899.210248232 -0.11417 0.21959 0.18172 0.86233 0.05374 -0.08150 -0.49685
1518195899.240238428 -0.10721 0.22191 0.18319 0.86288 0.05335 -0.07944 -0.49627
1518195899.275249243 -0.09988 0.22348 0.18379 0.86338 0.05295 -0.07620 -0.49595
1518195899.310249329 -0.09326 0.22451 0.18351 0.86401 0.05254 -0.07183 -0.49555
1518195899.340239286 -0.08833 0.22519 0.18254 0.86462 0.05257 -0.06763 -0.49508
1518195899.375240326 -0.08423 0.22616 0.18123 0.86559 0.05304 -0.06318 -0.49391
1518195899.410249233 -0.08190 0.22647 0.17934 0.86669 0.05390 -0.05948 -0.49235
1518195899.440248251 -0.08080 0.22733 0.17802 0.86800 0.05510 -0.05735 -0.49015
1518195899.475254297 -0.08106 0.22844 0.17612 0.86967 0.05637 -0.05621 -0.48716
1518195899.510254383 -0.08260 0.22958 0.17475 0.87151 0.05782 -0.05615 -0.48370
1518195899.540255308 -0.08472 0.23068 0.17378 0.87315 0.05866 -0.05725 -0.48051
1518195899.575256348 -0.08825 0.23290 0.17235 0.87494 0.05957 -0.05903 -0.47691
1518195899.610256433 -0.09302 0.23499 0.17104 0.87653 0.06007 -0.06045 -0.47374
1518195899.640257359 -0.09763 0.23733 0.16975 0.87772 0.06051 -0.06168 -0.47132
1518195899.675259352 -0.10313 0.24054 0.16970 0.87925 0.06081 -0.06324 -0.46820
1518195899.710260391 -0.10898 0.24381 0.16982 0.88028 0.06163 -0.06484 -0.46594
1518195899.740259409 -0.11355 0.24747 0.17039 0.88096 0.06247 -0.06686 -0.46426
1518195899.775255203 -0.11904 0.25204 0.17205 0.88149 0.06368 -0.06963 -0.46269
1518195899.810262203 -0.12379 0.25653 0.17498 0.88176 0.06468 -0.07338 -0.46145
1518195899.840261221 -0.12784 0.26097 0.17794 0.88177 0.06506 -0.07652 -0.46087
1518195899.875261307 -0.13184 0.26600 0.18201 0.88149 0.06527 -0.07970 -0.46083
1518195899.910264254 -0.13426 0.27150 0.18682 0.88107 0.06529 -0.08329 -0.46100
1518195899.940265417 -0.13555 0.27625 0.19136 0.88059 0.06481 -0.08633 -0.46141
1518195899.975263357 -0.13657 0.28135 0.19604 0.87972 0.06427 -0.08911 -0.46263
1518195900.010262251 -0.13647 0.28726 0.20071 0.87891 0.06311 -0.09102 -0.46395
1518195900.040266275 -0.13508 0.29224 0.20467 0.87840 0.06175 -0.09227 -0.46485
1518195900.075267315 -0.13249 0.29771 0.20917 0.87797 0.05968 -0.09363 -0.46567
1518195900.110269308 -0.12934 0.30324 0.21353 0.87782 0.05767 -0.09449 -0.46602
1518195900.140268326 -0.12629 0.30822 0.21722 0.87794 0.05588 -0.09446 -0.46602
1518195900.175271273 -0.12194 0.31295 0.22102 0.87813 0.05329 -0.09352 -0.46616
1518195900.210267305 -0.11680 0.31891 0.22402 0.87860 0.05087 -0.09159 -0.46593
1518195900.240271330 -0.11125 0.32378 0.22604 0.87911 0.04903 -0.09000 -0.46548
1518195900.275267363 -0.10524 0.32855 0.22842 0.87981 0.04703 -0.08779 -0.46478
1518195900.310266256 -0.09848 0.33357 0.23047 0.88074 0.04514 -0.08506 -0.46371
1518195900.340270281 -0.09176 0.33756 0.23167 0.88157 0.04324 -0.08234 -0.46280
1518195900.375273228 -0.08414 0.34180 0.23304 0.88264 0.04042 -0.07844 -0.46169
1518195900.410276413 -0.07558 0.34525 0.23371 0.88364 0.03723 -0.07438 -0.46072
1518195900.440277338 -0.06799 0.34711 0.23386 0.88433 0.03456 -0.07125 -0.46009
1518195900.475276232 -0.05884 0.34849 0.23445 0.88514 0.03128 -0.06792 -0.45928
1518195900.510278225 -0.04937 0.34887 0.23495 0.88587 0.02748 -0.06485 -0.45856
1518195900.540277243 -0.04100 0.34793 0.23489 0.88620 0.02419 -0.06240 -0.45845
1518195900.575278282 -0.03143 0.34622 0.23468 0.88654 0.01981 -0.05972 -0.45835
1518195900.610281229 -0.02241 0.34407 0.23437 0.88692 0.01503 -0.05698 -0.45814
1518195900.640269279 -0.01525 0.34190 0.23443 0.88740 0.01076 -0.05485 -0.45760
1518195900.675273418 -0.00769 0.33869 0.23386 0.88787 0.00572 -0.05237 -0.45707
1518195900.710283279 -0.00087 0.33542 0.23305 0.88851 0.00040 -0.04989 -0.45615
1518195900.740273237 0.00429 0.33268 0.23215 0.88909 -0.00397 -0.04779 -0.45522
1518195900.775282383 0.00900 0.32904 0.23054 0.88964 -0.00845 -0.04540 -0.45431
1518195900.810280323 0.01250 0.32526 0.22879 0.89010 -0.01254 -0.04337 -0.45353
1518195900.840286255 0.01435 0.32141 0.22750 0.89028 -0.01528 -0.04212 -0.45320
1518195900.875284433 0.01470 0.31654 0.22627 0.89047 -0.01751 -0.04142 -0.45282
1518195900.910281420 0.01342 0.31175 0.22500 0.89026 -0.01841 -0.04155 -0.45317
1518195900.940288305 0.01024 0.30721 0.22428 0.88991 -0.01768 -0.04187 -0.45386
1518195900.975288391 0.00523 0.30209 0.22352 0.88943 -0.01586 -0.04315 -0.45475
1518195901.010284424 -0.00117 0.29819 0.22359 0.88910 -0.01292 -0.04531 -0.45528
1518195901.040290356 -0.00771 0.29504 0.22509 0.88892 -0.01029 -0.04756 -0.45548
1518195901.075291395 -0.01639 0.29224 0.22624 0.88873 -0.00639 -0.04998 -0.45565
1518195901.110290289 -0.02566 0.29031 0.22816 0.88875 -0.00204 -0.05316 -0.45530
1518195901.140293360 -0.03395 0.28976 0.22965 0.88876 0.00163 -0.05686 -0.45483
1518195901.175290346 -0.04336 0.29050 0.23196 0.88918 0.00676 -0.06230 -0.45325
1518195901.210287333 -0.05271 0.29296 0.23430 0.88981 0.01180 -0.06740 -0.45118
1518195901.240293264 -0.06050 0.29607 0.23643 0.89040 0.01541 -0.07144 -0.44928
1518195901.275292397 -0.06890 0.30078 0.23919 0.89127 0.01954 -0.07609 -0.44661
1518195901.310284376 -0.07638 0.30671 0.24199 0.89214 0.02275 -0.08016 -0.44402
1518195901.340297222 -0.08105 0.31226 0.24475 0.89279 0.02476 -0.08314 -0.44204
1518195901.375287294 -0.08519 0.31889 0.24800 0.89342 0.02613 -0.08599 -0.44015
1518195901.410299301 -0.08886 0.32564 0.25124 0.89374 0.02766 -0.08855 -0.43888
1518195901.440297365 -0.09082 0.33198 0.25428 0.89388 0.02899 -0.09086 -0.43804
1518195901.475299358 -0.09247 0.33911 0.25700 0.89374 0.03017 -0.09286 -0.43784
1518195901.510301352 -0.09344 0.34612 0.25951 0.89345 0.03138 -0.09393 -0.43810
1518195901.540296316 -0.09326 0.35293 0.26135 0.89316 0.03214 -0.09454 -0.43851
1518195901.575303316 -0.09201 0.36007 0.26377 0.89289 0.03332 -0.09537 -0.43881
1518195901.610303402 -0.09011 0.36777 0.26599 0.89273 0.03466 -0.09567 -0.43895
1518195901.640302420 -0.08806 0.37316 0.26782 0.89249 0.03586 -0.09495 -0.43951
1518195901.675302267 -0.08473 0.38060 0.27017 0.89246 0.03721 -0.09423 -0.43961
1518195901.710305214 -0.08062 0.38745 0.27195 0.89255 0.03803 -0.09332 -0.43954
1518195901.740306377 -0.07671 0.39341 0.27328 0.89269 0.03822 -0.09180 -0.43956
1518195901.775307417 -0.07101 0.40099 0.27422 0.89322 0.03819 -0.08980 -0.43890
1518195901.810306311 -0.06453 0.40750 0.27476 0.89360 0.03828 -0.08779 -0.43852
1518195901.840308428 -0.05892 0.41253 0.27561 0.89401 0.03798 -0.08621 -0.43803
1518195901.875308275 -0.05227 0.41811 0.27608 0.89463 0.03768 -0.08420 -0.43719
1518195901.910308361 -0.04569 0.42308 0.27641 0.89519 0.03671 -0.08221 -0.43649
1518195901.940308332 -0.03980 0.42728 0.27662 0.89591 0.03573 -0.08041 -0.43544
1518195901.975308418 -0.03365 0.43140 0.27650 0.89667 0.03455 -0.07780 -0.43443
1518195902.010312319 -0.02765 0.43500 0.27567 0.89741 0.03284 -0.07467 -0.43358
1518195902.040312290 -0.02223 0.43732 0.27485 0.89800 0.03124 -0.07226 -0.43289
1518195902.075305223 -0.01628 0.43881 0.27416 0.89867 0.02985 -0.07015 -0.43195
1518195902.110314369 -0.01044 0.43954 0.27338 0.89926 0.02783 -0.06845 -0.43113
1518195902.135335207 -0.00661 0.43954 0.27247 0.89962 0.02631 -0.06691 -0.43071
1518195902.175315380 -0.00093 0.43716 0.27110 0.89994 0.02377 -0.06463 -0.43054
1518195902.210313320 0.00411 0.43410 0.26972 0.90014 0.02154 -0.06285 -0.43050
1518195902.240312338 0.00811 0.43012 0.26848 0.90004 0.01985 -0.06180 -0.43095
1518195902.275315285 0.01258 0.42456 0.26689 0.89983 0.01836 -0.06130 -0.43152
1518195902.310319424 0.01663 0.41817 0.26526 0.89952 0.01693 -0.06151 -0.43220
1518195902.340320349 0.01916 0.41256 0.26367 0.89935 0.01598 -0.06152 -0.43258
1518195902.375314236 0.02171 0.40563 0.26179 0.89912 0.01490 -0.06100 -0.43317
1518195902.410302401 0.02403 0.39822 0.25994 0.89896 0.01421 -0.06049 -0.43361
1518195902.440322399 0.02542 0.39150 0.25903 0.89888 0.01345 -0.05972 -0.43389
1518195902.475313425 0.02613 0.38310 0.25794 0.89865 0.01270 -0.05768 -0.43466
1518195902.510323286 0.02653 0.37466 0.25690 0.89844 0.01196 -0.05606 -0.43534
1518195902.540325403 0.02630 0.36712 0.25654 0.89821 0.01119 -0.05487 -0.43599
1518195902.575325251 0.02486 0.35887 0.25524 0.89781 0.00944 -0.05320 -0.43706
1518195902.610311270 0.02237 0.35063 0.25395 0.89730 0.00730 -0.05050 -0.43846
1518195902.640326262 0.01943 0.34315 0.25369 0.89685 0.00595 -0.04812 -0.43967
1518195902.675327301 0.01554 0.33458 0.25362 0.89647 0.00415 -0.04650 -0.44064
1518195902.710307360 0.01076 0.32566 0.25359 0.89596 0.00305 -0.04567 -0.44178
1518195902.740329266 0.00564 0.31861 0.25545 0.89589 0.00301 -0.04509 -0.44198
1518195902.775328398 0.00010 0.31155 0.25723 0.89573 0.00256 -0.04523 -0.44229
1518195902.810324430 -0.00665 0.30584 0.25979 0.89577 0.00253 -0.04456 -0.44227
1518195902.840330362 -0.01342 0.30222 0.26267 0.89588 0.00282 -0.04410 -0.44208
1518195902.875326395 -0.02085 0.29888 0.26630 0.89627 0.00277 -0.04388 -0.44133
1518195902.910329342 -0.02892 0.29767 0.26963 0.89694 0.00359 -0.04381 -0.43997
1518195902.940334320 -0.03525 0.29755 0.27215 0.89756 0.00446 -0.04416 -0.43866
1518195902.975332260 -0.04113 0.29933 0.27497 0.89843 0.00600 -0.04602 -0.43666
1518195903.010335207 -0.04554 0.30223 0.27729 0.89909 0.00787 -0.04969 -0.43486
1518195903.040334225 -0.04909 0.30597 0.27803 0.89939 0.01090 -0.05350 -0.43373
1518195903.075334311 -0.05280 0.31070 0.27865 0.89944 0.01496 -0.05831 -0.43289
1518195903.110337257 -0.05759 0.31590 0.27951 0.89940 0.01929 -0.06220 -0.43226
1518195903.140337229 -0.06212 0.32163 0.28075 0.89945 0.02307 -0.06470 -0.43159
1518195903.175338268 -0.06615 0.32862 0.28282 0.89948 0.02753 -0.06739 -0.43085
1518195903.210340261 -0.06870 0.33646 0.28399 0.89923 0.03158 -0.06953 -0.43075
1518195903.240341425 -0.07068 0.34425 0.28615 0.89925 0.03495 -0.07048 -0.43030
1518195903.275342226 -0.07174 0.35321 0.28844 0.89904 0.03803 -0.07064 -0.43045
1518195903.310339212 -0.07173 0.36206 0.29137 0.89867 0.04018 -0.06996 -0.43114
1518195903.340341330 -0.07037 0.36881 0.29372 0.89783 0.04163 -0.06932 -0.43285
1518195903.375342369 -0.06691 0.37637 0.29719 0.89683 0.04299 -0.06910 -0.43483
1518195903.410343409 -0.06266 0.38394 0.30055 0.89573 0.04337 -0.06878 -0.43710
1518195903.440340281 -0.05835 0.39023 0.30289 0.89477 0.04355 -0.06824 -0.43914
1518195903.475344419 -0.05234 0.39705 0.30603 0.89373 0.04361 -0.06777 -0.44131
1518195903.510345221 -0.04553 0.40333 0.30889 0.89280 0.04347 -0.06659 -0.44338
1518195903.540347338 -0.03877 0.40793 0.31116 0.89193 0.04314 -0.06499 -0.44539
1518195903.575348377 -0.03011 0.41306 0.31342 0.89106 0.04205 -0.06232 -0.44761
1518195903.610349417 -0.02100 0.41782 0.31587 0.89054 0.04006 -0.05874 -0.44932
1518195903.640347242 -0.01214 0.42074 0.31750 0.89003 0.03784 -0.05534 -0.45094
1518195903.675350428 -0.00155 0.42340 0.31907 0.88957 0.03473 -0.05128 -0.45257
1518195903.710351229 0.00912 0.42500 0.32037 0.88920 0.03178 -0.04758 -0.45393
1518195903.740347385 0.01840 0.42582 0.32096 0.88899 0.02919 -0.04516 -0.45475
1518195903.775352240 0.02894 0.42530 0.32125 0.88877 0.02615 -0.04269 -0.45562
1518195903.810350418 0.03938 0.42426 0.32120 0.88873 0.02321 -0.04078 -0.45603
1518195903.840344429 0.04810 0.42267 0.32064 0.88873 0.02034 -0.03882 -0.45634
1518195903.875354290 0.05763 0.41983 0.31946 0.88875 0.01645 -0.03582 -0.45669
1518195903.910355330 0.06729 0.41607 0.31818 0.88882 0.01216 -0.03303 -0.45690
1518195903.940357208 0.07566 0.41182 0.31660 0.88881 0.00868 -0.03091 -0.45715
1518195903.975358248 0.08467 0.40619 0.31519 0.88886 0.00404 -0.02855 -0.45727
1518195904.010354280 0.09277 0.39951 0.31335 0.88875 -0.00013 -0.02681 -0.45761
1518195904.040353298 0.09868 0.39342 0.31145 0.88864 -0.00349 -0.02559 -0.45787
1518195904.075356245 0.10406 0.38548 0.30864 0.88831 -0.00750 -0.02384 -0.45857
1518195904.110359430 0.10738 0.37753 0.30555 0.88792 -0.01130 -0.02187 -0.45933
1518195904.140360355 0.10880 0.37070 0.30198 0.88750 -0.01420 -0.01979 -0.46015
1518195904.175359249 0.10919 0.36259 0.29818 0.88717 -0.01665 -0.01821 -0.46078
1518195904.210362434 0.10847 0.35520 0.29436 0.88673 -0.01794 -0.01802 -0.46158
1518195904.240363359 0.10654 0.34902 0.29139 0.88657 -0.01798 -0.01847 -0.46187
1518195904.275358200 0.10308 0.34162 0.28823 0.88640 -0.01741 -0.01960 -0.46219
1518195904.310356379 0.09756 0.33505 0.28481 0.88621 -0.01612 -0.02102 -0.46252
1518195904.340365410 0.09152 0.33016 0.28234 0.88599 -0.01460 -0.02257 -0.46292
1518195904.375365257 0.08321 0.32431 0.28034 0.88574 -0.01182 -0.02428 -0.46339
1518195904.410365343 0.07348 0.31915 0.27943 0.88549 -0.00857 -0.02598 -0.46386
1518195904.440364361 0.06393 0.31503 0.27947 0.88524 -0.00543 -0.02734 -0.46429
1518195904.475362301 0.05155 0.31136 0.28014 0.88515 -0.00161 -0.02831 -0.46444
1518195904.510370255 0.03978 0.30880 0.28162 0.88511 0.00229 -0.02986 -0.46441
1518195904.540370226 0.02925 0.30835 0.28339 0.88530 0.00563 -0.03181 -0.46389
1518195904.575369358 0.01739 0.30877 0.28596 0.88565 0.01063 -0.03484 -0.46292
1518195904.610371351 0.00538 0.31125 0.28908 0.88617 0.01524 -0.03778 -0.46156
1518195904.640373230 -0.00542 0.31477 0.29155 0.88665 0.01871 -0.04006 -0.46032
1518195904.675374269 -0.01682 0.32005 0.29537 0.88724 0.02271 -0.04322 -0.45871
1518195904.710370302 -0.02662 0.32752 0.29920 0.88785 0.02634 -0.04719 -0.45695
1518195904.740370274 -0.03379 0.33517 0.30206 0.88822 0.02966 -0.05102 -0.45562
1518195904.775376320 -0.04100 0.34406 0.30565 0.88836 0.03286 -0.05513 -0.45463
1518195904.810371399 -0.04692 0.35294 0.30985 0.88813 0.03619 -0.05970 -0.45426
1518195904.840375423 -0.05092 0.36099 0.31290 0.88769 0.03877 -0.06384 -0.45434
1518195904.875375271 -0.05413 0.36975 0.31693 0.88697 0.04066 -0.06774 -0.45501
1518195904.910378218 -0.05548 0.37863 0.32082 0.88606 0.04185 -0.07106 -0.45618
1518195904.940376282 -0.05527 0.38609 0.32430 0.88514 0.04214 -0.07355 -0.45755
1518195904.975380421 -0.05373 0.39383 0.32831 0.88381 0.04194 -0.07607 -0.45972
1518195905.010380268 -0.05099 0.40085 0.33200 0.88217 0.04162 -0.07820 -0.46253
1518195905.040382385 -0.04762 0.40513 0.33545 0.88042 0.04099 -0.07948 -0.46568
1518195905.075383425 -0.04253 0.40921 0.33940 0.87812 0.03986 -0.08057 -0.46992
1518195905.110379219 -0.03629 0.41149 0.34245 0.87535 0.03870 -0.08144 -0.47501
1518195905.140382290 -0.03017 0.41317 0.34432 0.87309 0.03767 -0.08128 -0.47925
1518195905.175382376 -0.02218 0.41372 0.34592 0.87007 0.03620 -0.08090 -0.48489
1518195905.210384369 -0.01378 0.41292 0.34713 0.86703 0.03441 -0.08060 -0.49049
1518195905.240377426 -0.00639 0.41095 0.34740 0.86434 0.03310 -0.08049 -0.49531
1518195905.275385380 0.00234 0.40674 0.34758 -0.86104 -0.03169 0.08091 0.50106
1518195905.310388327 0.01101 0.40157 0.34624 -0.85772 -0.03092 0.08187 0.50662
1518195905.340387344 0.01799 0.39652 0.34419 -0.85500 -0.03072 0.08308 0.51101
1518195905.375381231 0.02503 0.39034 0.34056 -0.85220 -0.03084 0.08456 0.51542
1518195905.410389423 0.03069 0.38420 0.33555 -0.84988 -0.03093 0.08559 0.51906
1518195905.440385342 0.03509 0.37971 0.33111 -0.84877 -0.03131 0.08565 0.52084
1518195905.475392342 0.03946 0.37397 0.32494 -0.84794 -0.03165 0.08492 0.52229
1518195905.510390282 0.04341 0.36799 0.31739 -0.84752 -0.03089 0.08375 0.52321
1518195905.540393353 0.04747 0.36302 0.31048 -0.84741 -0.03040 0.08422 0.52333
1518195905.575393200 0.05138 0.35624 0.30215 -0.84741 -0.03090 0.08565 0.52307
1518195905.610393286 0.05570 0.34866 0.29378 -0.84769 -0.03212 0.08821 0.52212
1518195905.640396357 0.05879 0.34137 0.28654 -0.84782 -0.03352 0.09053 0.52142
1518195905.675396204 0.06173 0.33246 0.27812 -0.84797 -0.03652 0.09331 0.52048
1518195905.710394382 0.06466 0.32246 0.26878 -0.84761 -0.04015 0.09609 0.52030
1518195905.740397215 0.06670 0.31365 0.26054 -0.84688 -0.04440 0.09827 0.52074
1518195905.775398254 0.06864 0.30247 0.25096 -0.84550 -0.04973 0.10132 0.52192
1518195905.810400248 0.07012 0.29130 0.24219 -0.84388 -0.05656 0.10449 0.52321
1518195905.840400219 0.07129 0.28151 0.23467 -0.84217 -0.06310 0.10660 0.52479
1518195905.875399351 0.07245 0.26997 0.22642 -0.84003 -0.07036 0.10816 0.52697
1518195905.910396338 0.07352 0.25789 0.21812 -0.83738 -0.07842 0.10926 0.52981
1518195905.940398216 0.07397 0.24734 0.21108 -0.83482 -0.08656 0.11080 0.53227
1518195905.975395203 0.07415 0.23478 0.20278 -0.83136 -0.09684 0.11348 0.53534
1518195906.010393381 0.07323 0.22202 0.19379 -0.82743 -0.10858 0.11659 0.53850
1518195906.040397406 0.07255 0.21148 0.18647 -0.82381 -0.11963 0.12063 0.54081
1518195906.075403214 0.07161 0.20009 0.17677 -0.81960 -0.13273 0.12602 0.54291
1518195906.110406399 0.07094 0.18941 0.16697 -0.81542 -0.14600 0.13138 0.54453
1518195906.140406370 0.07053 0.18043 0.15895 -0.81209 -0.15686 0.13598 0.54535
1518195906.175406218 0.07027 0.16988 0.15115 -0.80845 -0.16850 0.14175 0.54582
1518195906.210398436 0.07071 0.16014 0.14400 -0.80488 -0.17960 0.14834 0.54581
1518195906.240409374 0.07126 0.15216 0.13893 -0.80193 -0.18822 0.15452 0.54553
1518195906.275407314 0.07200 0.14423 0.13434 -0.79906 -0.19668 0.16156 0.54471
1518195906.310411215 0.07269 0.13802 0.13164 -0.79702 -0.20291 0.16811 0.54344
1518195906.340410233 0.07377 0.13418 0.13055 -0.79599 -0.20593 0.17309 0.54225
1518195906.375392437 0.07525 0.13236 0.13068 -0.79589 -0.20717 0.17713 0.54062
1518195906.410413265 0.07631 0.13287 0.13221 -0.79684 -0.20574 0.17792 0.53951
1518195906.440414429 0.07778 0.13318 0.13442 -0.79750 -0.20298 0.17763 0.53967
1518195906.475408316 0.07597 0.12737 0.13947 -0.79717 -0.19688 0.17549 0.54311
1518195906.510416269 0.08338 0.13393 0.14027 -0.79888 -0.19418 0.17233 0.54257
1518195906.540411234 0.08778 0.13484 0.14288 -0.79905 -0.19057 0.16908 0.54462
1518195906.575415373 0.09361 0.13621 0.14559 -0.79864 -0.18677 0.16508 0.54775
1518195906.610415220 0.09999 0.13821 0.14815 -0.79789 -0.18410 0.16119 0.55091
1518195906.640419245 0.10564 0.14009 0.15081 -0.79704 -0.18207 0.15821 0.55367
1518195906.675418377 0.11170 0.14326 0.15376 -0.79632 -0.18093 0.15461 0.55609
1518195906.710417271 0.11750 0.14712 0.15675 -0.79604 -0.17958 0.15105 0.55791
1518195906.740418434 0.12236 0.15054 0.15951 -0.79622 -0.17794 0.14757 0.55910
1518195906.775420427 0.12832 0.15388 0.16168 -0.79624 -0.17569 0.14287 0.56101
1518195906.810417414 0.13515 0.15767 0.16205 -0.79603 -0.17264 0.13719 0.56365
1518195906.840423346 0.14154 0.15982 0.16103 -0.79555 -0.16919 0.13203 0.56661
1518195906.875419378 0.15041 0.16202 0.15802 -0.79468 -0.16526 0.12793 0.56992
1518195906.910423279 0.16041 0.16364 0.15325 -0.79359 -0.16184 0.12588 0.57287
1518195906.940425396 0.16883 0.16426 0.14766 -0.79259 -0.15924 0.12536 0.57510
1518195906.975411415 0.17920 0.16592 0.14063 -0.79215 -0.15641 0.12615 0.57630
1518195907.010425329 0.18764 0.16614 0.13133 -0.79178 -0.15333 0.12571 0.57774
1518195907.040427208 0.19406 0.16635 0.12150 -0.79191 -0.15063 0.12389 0.57865
1518195907.075425386 0.20128 0.16650 0.10885 -0.79254 -0.14726 0.12132 0.57921
1518195907.110413313 0.20820 0.16732 0.09471 -0.79362 -0.14531 0.11944 0.57860
1518195907.140427351 0.21353 0.16748 0.08162 -0.79455 -0.14477 0.11885 0.57759
1518195907.175417423 0.21934 0.16795 0.06600 -0.79583 -0.14609 0.11991 0.57527
1518195907.210421324 0.22400 0.16736 0.05057 -0.79718 -0.14798 0.12124 0.57263
1518195907.240429401 0.22686 0.16633 0.03739 -0.79828 -0.14968 0.12252 0.57038
1518195907.275431395 0.22954 0.16525 0.02263 -0.79962 -0.15187 0.12521 0.56733
1518195907.310433388 0.23103 0.16413 0.00863 -0.80067 -0.15455 0.12796 0.56451
1518195907.340429306 0.23151 0.16291 -0.00285 -0.80142 -0.15639 0.13073 0.56229
1518195907.375433207 0.23166 0.16200 -0.01456 -0.80209 -0.15858 0.13366 0.56003
1518195907.410435200 0.23189 0.16049 -0.02408 -0.80255 -0.15989 0.13666 0.55827
1518195907.440437317 0.23227 0.15902 -0.03054 -0.80267 -0.16051 0.13911 0.55731
1518195907.475421429 0.23161 0.15732 -0.03535 -0.80285 -0.16047 0.14141 0.55649
1518195907.510437250 0.23127 0.15516 -0.03686 -0.80280 -0.16093 0.14427 0.55569
1518195907.540435314 0.23056 0.15361 -0.03677 -0.80234 -0.16219 0.14741 0.55517
1518195907.575438261 0.23063 0.15161 -0.03387 -0.80162 -0.16373 0.15232 0.55444
1518195907.610440254 0.22933 0.15009 -0.02905 -0.80074 -0.16489 0.15583 0.55438
1518195907.640438318 0.22806 0.14917 -0.02309 -0.79990 -0.16557 0.15848 0.55465
1518195907.675438404 0.22661 0.14856 -0.01468 -0.79893 -0.16612 0.15982 0.55550
1518195907.710437298 0.22545 0.14921 -0.00494 -0.79769 -0.16643 0.16052 0.55698
1518195907.740432262 0.22496 0.14962 0.00432 -0.79617 -0.16696 0.16063 0.55896
1518195907.775445223 0.22521 0.14945 0.01621 -0.79379 -0.16793 0.16184 0.56170
1518195907.810445309 0.22653 0.14950 0.02859 -0.79117 -0.16958 0.16422 0.56420
1518195907.840446234 0.22829 0.14919 0.03979 -0.78870 -0.17123 0.16623 0.56657
1518195907.875447273 0.23171 0.14875 0.05162 -0.78556 -0.17313 0.16820 0.56977
1518195907.910448313 0.23639 0.14840 0.06312 -0.78255 -0.17413 0.16992 0.57308
1518195907.940440416 0.24183 0.14799 0.07159 -0.77975 -0.17502 0.17132 0.57621
1518195907.975445271 0.24920 0.14748 0.07981 -0.77650 -0.17537 0.17188 0.58030
1518195908.010441303 0.25804 0.14734 0.08609 -0.77352 -0.17465 0.17121 0.58468
1518195908.040449381 0.26659 0.14732 0.08925 -0.77105 -0.17388 0.16956 0.58863
1518195908.075447321 0.27693 0.14847 0.09147 -0.76915 -0.17187 0.16576 0.59278
1518195908.110446215 0.28779 0.15110 0.09187 -0.76826 -0.16864 0.16019 0.59639
1518195908.140452385 0.29729 0.15460 0.09041 -0.76816 -0.16579 0.15479 0.59873
1518195908.175453424 0.30842 0.15971 0.08695 -0.76851 -0.16287 0.14844 0.60069
1518195908.210452318 0.31975 0.16592 0.08236 -0.76958 -0.16101 0.14337 0.60106
1518195908.240453243 0.32901 0.17066 0.07651 -0.77091 -0.16010 0.13982 0.60043
1518195908.275455236 0.33848 0.17712 0.06865 -0.77339 -0.16014 0.13655 0.59798
1518195908.310457230 0.34668 0.18351 0.06000 -0.77676 -0.16072 0.13359 0.59410
1518195908.340454340 0.35263 0.18914 0.05164 -0.78050 -0.16114 0.13054 0.58976
1518195908.375456333 0.35799 0.19545 0.04155 -0.78522 -0.16143 0.12695 0.58417
1518195908.410459280 0.36186 0.20149 0.02982 -0.79022 -0.16222 0.12344 0.57792
1518195908.440459251 0.36398 0.20541 0.01907 -0.79394 -0.16348 0.12144 0.57287
1518195908.475453377 0.36501 0.20940 0.00608 -0.79798 -0.16620 0.11988 0.56678
1518195908.510459423 0.36481 0.21245 -0.00749 -0.80143 -0.17000 0.11964 0.56080
1518195908.540461302 0.36393 0.21437 -0.01952 -0.80400 -0.17368 0.12105 0.55567
1518195908.575462341 0.36188 0.21632 -0.03324 -0.80677 -0.17834 0.12392 0.54951
1518195908.610462427 0.35891 0.21798 -0.04733 -0.80955 -0.18320 0.12777 0.54291
1518195908.640464306 0.35526 0.21941 -0.05912 -0.81205 -0.18712 0.13162 0.53687
1518195908.675463200 0.35009 0.22067 -0.07229 -0.81534 -0.19182 0.13673 0.52890
1518195908.710461378 0.34428 0.22177 -0.08482 -0.81872 -0.19641 0.14221 0.52048
1518195908.740466356 0.33851 0.22300 -0.09547 -0.82155 -0.20054 0.14713 0.51302
1518195908.775466204 0.33162 0.22403 -0.10564 -0.82475 -0.20549 0.15349 0.50399
1518195908.810468435 0.32439 0.22376 -0.11354 0.82719 0.21099 -0.15953 -0.49578
1518195908.840468407 0.31810 0.22274 -0.11889 0.82859 0.21584 -0.16508 -0.48949
1518195908.875469208 0.31131 0.22055 -0.12259 0.82928 0.22186 -0.17217 -0.48315
1518195908.910469294 0.30536 0.21794 -0.12294 0.82916 0.22838 -0.17949 -0.47762
1518195908.940468311 0.30104 0.21562 -0.12124 0.82828 0.23389 -0.18577 -0.47406
1518195908.975470304 0.29612 0.21341 -0.11743 0.82683 0.24000 -0.19177 -0.47115
1518195909.010470390 0.29256 0.21092 -0.11074 0.82481 0.24506 -0.19727 -0.46981
1518195909.040473223 0.29033 0.20921 -0.10280 0.82268 0.24920 -0.20146 -0.46959
1518195909.075474262 0.28952 0.20763 -0.09171 0.81974 0.25318 -0.20674 -0.47031
1518195909.110475302 0.29027 0.20587 -0.07824 0.81624 0.25652 -0.21223 -0.47213
1518195909.140474319 0.29199 0.20416 -0.06542 0.81310 0.25875 -0.21645 -0.47441
1518195909.175475359 0.29577 0.20307 -0.04975 0.80956 0.26068 -0.22100 -0.47730
1518195909.210477352 0.30086 0.20199 -0.03394 0.80610 0.26151 -0.22482 -0.48091
1518195909.240478277 0.30692 0.20149 -0.02053 0.80349 0.26132 -0.22715 -0.48427
1518195909.275475264 0.31545 0.20199 -0.00575 0.80105 0.25994 -0.22810 -0.48860
1518195909.310477257 0.32505 0.20400 0.00819 0.79973 0.25666 -0.22752 -0.49274
1518195909.340480328 0.33450 0.20669 0.01963 0.79926 0.25318 -0.22596 -0.49600
1518195909.375480413 0.34695 0.21021 0.03185 0.79913 0.24889 -0.22429 -0.49914
1518195909.410482407 0.36007 0.21411 0.04249 -0.79916 -0.24490 0.22261 0.50181
1518195909.440483332 0.37155 0.21784 0.05049 -0.79948 -0.24175 0.22053 0.50374
1518195909.475483418 0.38511 0.22180 0.05803 -0.80010 -0.23792 0.21765 0.50584
1518195909.510484219 0.39872 0.22639 0.06362 -0.80112 -0.23374 0.21425 0.50761
1518195909.540485382 0.41057 0.22983 0.06675 -0.80219 -0.23002 0.21011 0.50934
1518195909.575486422 0.42456 0.23346 0.06877 -0.80361 -0.22511 0.20468 0.51150
1518195909.610487223 0.43837 0.23730 0.06858 -0.80533 -0.22008 0.19822 0.51354
1518195909.640487432 0.45023 0.24019 0.06635 -0.80689 -0.21582 0.19245 0.51509
1518195909.675485373 0.46352 0.24341 0.06156 -0.80879 -0.21131 0.18608 0.51632
1518195909.710486412 0.47538 0.24606 0.05401 -0.81072 -0.20740 0.17975 0.51712
1518195909.740488291 0.48454 0.24787 0.04627 -0.81249 -0.20438 0.17500 0.51717
1518195909.775490284 0.49371 0.24857 0.03590 -0.81418 -0.20171 0.17063 0.51701
1518195909.810491323 0.50114 0.24895 0.02330 -0.81584 -0.19978 0.16736 0.51622
1518195909.840485334 0.50595 0.24898 0.01195 -0.81737 -0.19816 0.16626 0.51478
1518195909.875491381 0.50946 0.24829 -0.00234 -0.81883 -0.19698 0.16593 0.51302
1518195909.910490274 0.51131 0.24651 -0.01736 -0.82010 -0.19599 0.16723 0.51095
1518195909.940494299 0.51131 0.24542 -0.03062 -0.82128 -0.19573 0.17025 0.50814
1518195909.975494385 0.50916 0.24421 -0.04581 -0.82295 -0.19624 0.17455 0.50375
1518195910.010496378 0.50559 0.24297 -0.06024 0.82475 0.19687 -0.17975 -0.49872
1518195910.040494204 0.50141 0.24116 -0.07209 0.82618 0.19748 -0.18422 -0.49446
1518195910.075496435 0.49535 0.23853 -0.08405 0.82801 0.19799 -0.18969 -0.48910
1518195910.110498428 0.48836 0.23566 -0.09436 0.82958 0.19913 -0.19561 -0.48362
1518195910.140497208 0.48228 0.23281 -0.10149 0.83039 0.20082 -0.20120 -0.47921
1518195910.175499201 0.47489 0.22898 -0.10719 0.83072 0.20373 -0.20905 -0.47402
1518195910.210500240 0.46724 0.22548 -0.10947 0.83047 0.20712 -0.21751 -0.46915
1518195910.240498304 0.46040 0.22201 -0.10900 0.82985 0.21015 -0.22434 -0.46568
1518195910.275502205 0.45223 0.21838 -0.10570 0.82875 0.21419 -0.23075 -0.46266
1518195910.310502291 0.44449 0.21514 -0.09956 0.82745 0.21816 -0.23600 -0.46047
1518195910.340503216 0.43811 0.21257 -0.09202 0.82589 0.22182 -0.24014 -0.45938
1518195910.375500202 0.43176 0.20969 -0.08085 0.82357 0.22655 -0.24498 -0.45868
1518195910.410503387 0.42732 0.20731 -0.06704 0.82035 0.23175 -0.25089 -0.45867
1518195910.440505266 0.42404 0.20533 -0.05394 0.81748 0.23576 -0.25545 -0.45923
1518195910.475504398 0.42133 0.20291 -0.03734 0.81374 0.23985 -0.26073 -0.46078
1518195910.510507345 0.41973 0.20124 -0.01972 0.80996 0.24316 -0.26493 -0.46330
1518195910.540505409 0.41928 0.20063 -0.00382 0.80709 0.24495 -0.26780 -0.46572
1518195910.575508356 0.41918 0.20069 0.01494 0.80380 0.24690 -0.27041 -0.46885
1518195910.610508204 0.42113 0.20123 0.03297 0.80031 0.24873 -0.27210 -0.47285
1518195910.640509367 0.42367 0.20251 0.04793 0.79764 0.24956 -0.27323 -0.47627
1518195910.675511360 0.42829 0.20422 0.06439 0.79446 0.25088 -0.27411 -0.48037
1518195910.710512400 0.43482 0.20683 0.07994 0.79137 0.25133 -0.27396 -0.48530
1518195910.740512371 0.44071 0.21007 0.09189 0.78944 0.25099 -0.27234 -0.48951
1518195910.775503397 0.44848 0.21426 0.10400 0.78767 0.24952 -0.26908 -0.49488
1518195910.810512304 0.45704 0.21985 0.11495 -0.78694 -0.24633 0.26465 0.50001
1518195910.840512276 0.46544 0.22580 0.12306 -0.78731 -0.24250 0.26026 0.50359
1518195910.875514269 0.47564 0.23235 0.13003 -0.78802 -0.23723 0.25369 0.50832
1518195910.910516262 0.48627 0.23931 0.13417 -0.78967 -0.23042 0.24512 0.51307
1518195910.940514326 0.49591 0.24541 0.13589 -0.79147 -0.22424 0.23656 0.51705
1518195910.975518227 0.50739 0.25166 0.13574 -0.79367 -0.21658 0.22607 0.52161
1518195911.010505199 0.51932 0.25694 0.13361 -0.79608 -0.20866 0.21531 0.52570
1518195911.040518284 0.52954 0.26115 0.13024 -0.79808 -0.20257 0.20743 0.52821
1518195911.075519323 0.54071 0.26562 0.12541 -0.80071 -0.19551 0.19948 0.52995
1518195911.110517263 0.55086 0.26900 0.11899 -0.80365 -0.18841 0.19181 0.53090
1518195911.140518427 0.55906 0.27123 0.11234 -0.80636 -0.18272 0.18613 0.53080
1518195911.175522327 0.56725 0.27241 0.10276 -0.80953 -0.17633 0.17984 0.53031
1518195911.210520267 0.57475 0.27337 0.09186 -0.81339 -0.16979 0.17414 0.52843
1518195911.240524292 0.58031 0.27388 0.08112 -0.81697 -0.16457 0.16982 0.52597
1518195911.275521278 0.58555 0.27361 0.06773 -0.82116 -0.15855 0.16529 0.52272
1518195911.310523272 0.58948 0.27284 0.05264 -0.82566 -0.15296 0.16114 0.51858
1518195911.340526342 0.59206 0.27164 0.03977 -0.82964 -0.14867 0.15852 0.51426
1518195911.375521421 0.59344 0.26945 0.02450 -0.83390 -0.14498 0.15630 0.50909
1518195911.410527229 0.59316 0.26690 0.00907 -0.83808 -0.14205 0.15482 0.50346
1518195911.440528393 0.59163 0.26442 -0.00411 0.84123 0.14065 -0.15467 -0.49863
1518195911.475520372 0.58850 0.26096 -0.01792 0.84458 0.13963 -0.15482 -0.49317
1518195911.510529280 0.58329 0.25644 -0.03136 0.84765 0.13949 -0.15581 -0.48760
1518195911.540529251 0.57740 0.25280 -0.04211 0.84986 0.13943 -0.15638 -0.48357
1518195911.575529337 0.56961 0.24779 -0.05269 0.85206 0.13951 -0.15657 -0.47959
1518195911.610526323 0.56061 0.24234 -0.06168 0.85395 0.14010 -0.15691 -0.47594
1518195911.640530348 0.55154 0.23782 -0.06822 0.85521 0.14097 -0.15696 -0.47340
1518195911.675533295 0.54129 0.23177 -0.07250 0.85604 0.14286 -0.15705 -0.47130
1518195911.710535288 0.52907 0.22593 -0.07691 0.85610 0.14582 -0.15734 -0.47019
1518195911.740533352 0.51792 0.22110 -0.07754 0.85565 0.14979 -0.15867 -0.46931
1518195911.775534391 0.50493 0.21510 -0.07594 0.85467 0.15481 -0.16164 -0.46845
1518195911.810536385 0.49098 0.20957 -0.07221 0.85302 0.16038 -0.16671 -0.46780
1518195911.840538263 0.47778 0.20517 -0.06736 0.85158 0.16501 -0.17082 -0.46733
1518195911.875538349 0.46359 0.20108 -0.05964 0.85014 0.16911 -0.17489 -0.46699
1518195911.910539389 0.44943 0.19780 -0.04975 0.84869 0.17227 -0.17840 -0.46714
1518195911.940537214 0.43731 0.19525 -0.04060 0.84752 0.17391 -0.18028 -0.46793
1518195911.975541353 0.42385 0.19301 -0.02930 0.84608 0.17465 -0.18278 -0.46929
1518195912.010539293 0.41149 0.19198 -0.01697 0.84425 0.17497 -0.18588 -0.47125
1518195912.040542364 0.40227 0.19208 -0.00607 0.84249 0.17452 -0.18915 -0.47327
1518195912.075535297 0.39165 0.19283 0.00722 0.84043 0.17368 -0.19270 -0.47579
1518195912.110544205 0.38067 0.19362 0.02079 0.83834 0.17215 -0.19452 -0.47928
1518195912.140543222 0.37107 0.19511 0.03219 0.83653 0.17002 -0.19482 -0.48306
1518195912.175541401 0.35938 0.19737 0.04555 0.83454 0.16739 -0.19418 -0.48766
1518195912.210544348 0.34740 0.20025 0.05880 0.83267 0.16360 -0.19284 -0.49265
1518195912.240547419 0.33679 0.20322 0.06987 0.83138 0.15982 -0.19044 -0.49699
1518195912.275548220 0.32466 0.20672 0.08242 -0.82999 -0.15472 0.18624 0.50248
1518195912.310546398 0.31249 0.21051 0.09486 -0.82844 -0.14929 0.18124 0.50848
1518195912.340547323 0.30230 0.21369 0.10473 -0.82711 -0.14457 0.17671 0.51357
1518195912.375549316 0.28982 0.21732 0.11538 -0.82576 -0.13886 0.17134 0.51912
1518195912.410551310 0.27714 0.22046 0.12472 -0.82451 -0.13323 0.16506 0.52459
1518195912.440550327 0.26625 0.22274 0.13289 -0.82330 -0.12906 0.16053 0.52891
1518195912.475550413 0.25319 0.22459 0.14132 -0.82184 -0.12448 0.15572 0.53371
1518195912.510551214 0.23911 0.22629 0.14892 -0.82059 -0.11966 0.15090 0.53809
1518195912.540549278 0.22746 0.22730 0.15557 -0.81955 -0.11562 0.14754 0.54148
1518195912.575549364 0.21394 0.22837 0.16272 -0.81849 -0.11118 0.14454 0.54482
1518195912.610553265 0.20022 0.23041 0.16965 -0.81798 -0.10712 0.14350 0.54667
1518195912.640552282 0.18806 0.23151 0.17547 -0.81786 -0.10369 0.14304 0.54763
1518195912.675556421 0.17381 0.23304 0.18186 -0.81809 -0.09922 0.14254 0.54824
1518195912.710556269 0.16039 0.23590 0.18749 -0.81876 -0.09461 0.14183 0.54824
1518195912.740555286 0.14826 0.23719 0.19215 -0.81941 -0.09048 0.14076 0.54824
1518195912.775557280 0.13521 0.24002 0.19698 -0.82031 -0.08623 0.14039 0.54767
1518195912.810553312 0.12214 0.24203 0.20087 -0.82099 -0.08293 0.14009 0.54724
1518195912.840555429 0.11008 0.24108 0.20431 -0.82114 -0.08093 0.13931 0.54752
1518195912.875560284 0.09644 0.24010 0.20809 -0.82127 -0.07895 0.13844 0.54783
1518195912.910562277 0.08324 0.23934 0.21099 -0.82123 -0.07767 0.13731 0.54835
1518195912.940563202 0.07134 0.23797 0.21246 -0.82101 -0.07713 0.13564 0.54917
1518195912.975561380 0.05773 0.23529 0.21435 -0.82079 -0.07669 0.13396 0.54998
1518195913.010556221 0.04449 0.23168 0.21609 -0.82060 -0.07687 0.13300 0.55046
1518195913.040563345 0.03278 0.22913 0.21694 -0.82064 -0.07735 0.13207 0.55057
1518195913.075551271 0.01890 0.22667 0.21727 -0.82103 -0.07786 0.13061 0.55027
1518195913.110565424 0.00494 0.22295 0.21684 -0.82120 -0.07898 0.12909 0.55020
1518195913.125578403 -0.00136 0.22201 0.21592 -0.82146 -0.07953 0.12862 0.54985
1518195913.175566435 -0.02054 0.21590 0.21300 -0.82152 -0.08200 0.12742 0.54967
1518195913.210568428 -0.03338 0.21115 0.21001 -0.82160 -0.08320 0.12660 0.54957
1518195913.240569353 -0.04445 0.20686 0.20735 -0.82185 -0.08384 0.12579 0.54928
1518195913.275570393 -0.05628 0.20148 0.20399 -0.82202 -0.08451 0.12558 0.54898
1518195913.295571327 -0.06395 0.19763 0.20208 -0.82217 -0.08514 0.12529 0.54872
1518195913.340562344 -0.07806 0.18853 0.19673 -0.82142 -0.08478 0.12396 0.55019
1518195913.375562429 -0.08896 0.18111 0.19210 -0.82073 -0.08395 0.12137 0.55192
1518195913.410568237 -0.09965 0.17294 0.18699 -0.81959 -0.08328 0.11789 0.55447
1518195913.440569401 -0.10709 0.16629 0.18166 -0.81839 -0.08273 0.11535 0.55686
1518195913.475571394 -0.11535 0.15820 0.17450 -0.81676 -0.08302 0.11353 0.55957
1518195913.510574341 -0.12194 0.14975 0.16717 -0.81493 -0.08334 0.11193 0.56251
1518195913.540575266 -0.12699 0.14220 0.16025 -0.81310 -0.08321 0.11071 0.56541
1518195913.575568199 -0.13253 0.13434 0.15198 -0.81122 -0.08340 0.10989 0.56823
1518195913.610571384 -0.13801 0.12721 0.14341 -0.80957 -0.08275 0.10900 0.57085
1518195913.640572309 -0.14113 0.12124 0.13618 -0.80828 -0.08177 0.10849 0.57291
1518195913.675579309 -0.14457 0.11401 0.12796 -0.80698 -0.08050 0.10748 0.57511
1518195913.710580349 -0.14688 0.10753 0.12047 -0.80608 -0.07868 0.10694 0.57673
1518195913.740578413 -0.14950 0.10375 0.11368 -0.80550 -0.07681 0.10537 0.57807
1518195913.775582314 -0.15161 0.09842 0.10569 -0.80451 -0.07432 0.10346 0.58011
1518195913.810579300 -0.15276 0.09374 0.09825 -0.80346 -0.07208 0.10195 0.58212
1518195913.840582371 -0.15266 0.09085 0.09171 -0.80263 -0.07056 0.10101 0.58361
1518195913.875576258 -0.15372 0.08633 0.08415 -0.80135 -0.06940 0.09929 0.58581
1518195913.910575390 -0.15449 0.08183 0.07680 -0.79977 -0.06849 0.09750 0.58836
1518195913.940571308 -0.15455 0.07834 0.07033 -0.79818 -0.06829 0.09629 0.59074
1518195913.975581408 -0.15412 0.07295 0.06329 -0.79593 -0.06835 0.09419 0.59410
1518195914.010587215 -0.15403 0.06854 0.05642 -0.79366 -0.06844 0.09098 0.59761
1518195914.040588379 -0.15339 0.06427 0.05066 -0.79133 -0.06920 0.08789 0.60107
1518195914.075588226 -0.15268 0.06010 0.04414 -0.78889 -0.07048 0.08373 0.60471
1518195914.110590219 -0.15135 0.05585 0.03733 -0.78630 -0.07268 0.07936 0.60840
1518195914.140590429 -0.14996 0.05262 0.03231 -0.78408 -0.07474 0.07617 0.61141
1518195914.175584316 -0.14689 0.04753 0.02640 -0.78099 -0.07852 0.07297 0.61528
1518195914.210592270 -0.14390 0.04170 0.02057 -0.77759 -0.08328 0.06987 0.61930
1518195914.240592241 -0.14198 0.03745 0.01629 -0.77503 -0.08759 0.06734 0.62220
1518195914.275593281 -0.14117 0.03304 0.01142 -0.77208 -0.09304 0.06441 0.62536
1518195914.310591221 -0.13924 0.02989 0.00754 -0.76983 -0.09755 0.06233 0.62766
1518195914.340590239 -0.13740 0.02805 0.00473 -0.76826 -0.10099 0.06050 0.62922
1518195914.375585318 -0.13449 0.02507 0.00104 -0.76664 -0.10435 0.05831 0.63085
1518195914.410586357 -0.13094 0.02304 -0.00264 -0.76566 -0.10659 0.05566 0.63191
1518195914.440583229 -0.12794 0.02082 -0.00567 -0.76456 -0.10833 0.05368 0.63311
1518195914.475590229 -0.12337 0.01900 -0.01035 -0.76411 -0.10999 0.05205 0.63351
1518195914.510582209 -0.11868 0.01603 -0.01513 -0.76348 -0.11101 0.05049 0.63421
1518195914.540597200 -0.11278 0.01525 -0.01887 -0.76348 -0.11113 0.04996 0.63423
1518195914.575596333 -0.10658 0.01386 -0.02451 -0.76384 -0.11040 0.04852 0.63403
1518195914.610598326 -0.09990 0.01203 -0.03055 -0.76373 -0.10861 0.04788 0.63453
1518195914.640594244 -0.09331 0.00993 -0.03575 -0.76339 -0.10708 0.04810 0.63518
1518195914.675602436 -0.08575 0.00711 -0.04234 -0.76258 -0.10474 0.04886 0.63649
1518195914.710586309 -0.07797 0.00370 -0.04939 -0.76137 -0.10274 0.05074 0.63811
1518195914.740603209 -0.07219 0.00009 -0.05529 -0.76044 -0.10089 0.05171 0.63944
1518195914.775597334 -0.06551 -0.00419 -0.06168 -0.75908 -0.09900 0.05325 0.64122
1518195914.810600281 -0.05924 -0.00838 -0.06836 -0.75751 -0.09744 0.05452 0.64320
1518195914.840577364 -0.05454 -0.01068 -0.07408 -0.75632 -0.09559 0.05501 0.64484
1518195914.875604391 -0.04925 -0.01392 -0.08107 -0.75454 -0.09322 0.05510 0.64726
1518195914.910606384 -0.04346 -0.01585 -0.08766 -0.75324 -0.09136 0.05524 0.64902
1518195914.940599203 -0.03857 -0.01770 -0.09291 -0.75225 -0.09011 0.05499 0.65037
1518195914.975605249 -0.03253 -0.01935 -0.09885 -0.75156 -0.08905 0.05500 0.65131
1518195915.010606289 -0.02649 -0.02099 -0.10451 -0.75132 -0.08852 0.05487 0.65166
1518195915.040597200 -0.02211 -0.02289 -0.10909 -0.75125 -0.08785 0.05463 0.65186
1518195915.075604200 -0.01637 -0.02432 -0.11435 -0.75183 -0.08767 0.05514 0.65117
1518195915.110609293 -0.01158 -0.02595 -0.11889 -0.75239 -0.08794 0.05530 0.65047
1518195915.140613317 -0.00798 -0.02690 -0.12264 -0.75329 -0.08800 0.05513 0.64944
1518195915.175607204 -0.00432 -0.02768 -0.12773 -0.75442 -0.08858 0.05429 0.64812
1518195915.210612297 -0.00091 -0.02808 -0.13248 -0.75591 -0.08908 0.05416 0.64633
1518195915.240613222 0.00114 -0.02789 -0.13621 -0.75740 -0.08968 0.05355 0.64454
1518195915.275614262 0.00387 -0.02746 -0.14105 -0.75908 -0.09021 0.05282 0.64255
1518195915.310607433 0.00626 -0.02711 -0.14672 -0.76062 -0.09072 0.05265 0.64067
1518195915.340613365 0.00796 -0.02737 -0.15129 -0.76190 -0.09124 0.05297 0.63904
1518195915.375616312 0.00988 -0.02683 -0.15647 -0.76342 -0.09185 0.05407 0.63704
1518195915.410619259 0.01272 -0.02646 -0.16244 -0.76481 -0.09264 0.05701 0.63501
1518195915.440617323 0.01493 -0.02633 -0.16732 -0.76580 -0.09345 0.05980 0.63344
1518195915.475618362 0.01684 -0.02572 -0.17254 -0.76698 -0.09414 0.06285 0.63161
1518195915.510621309 0.01944 -0.02509 -0.17727 -0.76795 -0.09351 0.06568 0.63024
1518195915.540622234 0.02073 -0.02524 -0.18138 -0.76852 -0.09115 0.06606 0.62985
1518195915.575623274 0.02180 -0.02613 -0.18650 -0.76850 -0.08656 0.06415 0.63071
1518195915.610623360 0.02357 -0.02721 -0.19198 -0.76786 -0.08041 0.06161 0.63256
1518195915.640621424 0.02601 -0.02811 -0.19568 -0.76657 -0.07513 0.06017 0.63490
1518195915.675624371 0.02932 -0.02973 -0.19985 -0.76443 -0.06966 0.05955 0.63816
1518195915.710625410 0.03330 -0.03178 -0.20426 -0.76134 -0.06525 0.06025 0.64224
1518195915.740626335 0.03664 -0.03390 -0.20801 -0.75825 -0.06224 0.06124 0.64610
1518195915.775617361 0.03987 -0.03729 -0.21180 -0.75443 -0.05839 0.06225 0.65081
1518195915.810625315 0.04297 -0.04048 -0.21539 -0.75075 -0.05385 0.06243 0.65542
1518195915.840623379 0.04512 -0.04261 -0.21841 -0.74781 -0.04949 0.06177 0.65918
1518195915.875628233 0.04697 -0.04405 -0.22208 -0.74492 -0.04414 0.06016 0.66297
1518195915.910631418 0.04934 -0.04546 -0.22579 -0.74228 -0.03889 0.05871 0.66638
1518195915.940631390 0.05063 -0.04624 -0.22954 -0.74046 -0.03474 0.05695 0.66878
1518195915.975629330 0.05203 -0.04738 -0.23353 -0.73899 -0.03073 0.05478 0.67078
1518195916.010625362 0.05280 -0.04725 -0.23774 -0.73825 -0.02725 0.05284 0.67190
1518195916.040626287 0.05392 -0.04638 -0.24166 -0.73834 -0.02561 0.05179 0.67195
1518195916.075634241 0.05473 -0.04513 -0.24673 -0.73878 -0.02492 0.05111 0.67154
1518195916.110635281 0.05501 -0.04444 -0.25239 -0.73964 -0.02516 0.05115 0.67058
1518195916.140628338 0.05650 -0.04339 -0.25704 -0.74056 -0.02647 0.05219 0.66944
1518195916.165634394 0.05693 -0.04324 -0.26173 -0.74097 -0.02788 0.05312 0.66886
1518195916.210620403 0.05646 -0.04207 -0.27061 -0.74153 -0.03049 0.05425 0.66803
1518195916.240630388 0.05607 -0.04167 -0.27750 -0.74159 -0.03236 0.05477 0.66783
1518195916.275638342 0.05585 -0.04186 -0.28331 -0.74180 -0.03418 0.05531 0.66747
1518195916.310638428 0.05488 -0.04226 -0.29011 -0.74160 -0.03548 0.05562 0.66759
1518195916.340628386 0.05275 -0.04299 -0.29723 -0.74092 -0.03663 0.05581 0.66826
1518195916.375633240 0.05327 -0.04416 -0.30273 -0.74038 -0.03860 0.05750 0.66862
1518195916.410641432 0.05198 -0.04546 -0.31031 -0.73945 -0.04009 0.05877 0.66944
1518195916.440641403 0.05276 -0.04663 -0.31443 -0.73903 -0.04155 0.06104 0.66961
1518195916.475641251 0.05226 -0.04675 -0.31932 -0.73863 -0.04202 0.06282 0.66986
1518195916.510638237 0.05222 -0.04634 -0.32442 -0.73860 -0.04160 0.06454 0.66976
1518195916.540644407 0.05178 -0.04559 -0.32943 -0.73846 -0.04112 0.06599 0.66980
1518195916.575645208 0.05176 -0.04481 -0.33430 -0.73848 -0.03970 0.06844 0.66962
1518195916.610642433 0.05405 -0.04420 -0.33950 -0.73834 -0.03831 0.07182 0.66950
1518195916.615660429 0.05539 -0.04435 -0.34024 -0.73827 -0.03852 0.07255 0.66949
1518195916.675646305 0.05850 -0.04393 -0.34851 -0.73874 -0.03546 0.07593 0.66876
1518195916.710645199 0.06037 -0.04357 -0.35275 -0.73863 -0.03345 0.07645 0.66893
1518195916.740626335 0.06156 -0.04374 -0.35735 -0.73903 -0.03176 0.07656 0.66856
1518195916.775649309 0.06132 -0.04394 -0.36196 -0.73912 -0.03057 0.07682 0.66848
1518195916.810640335 0.06188 -0.04450 -0.36647 -0.73919 -0.02968 0.07729 0.66839
1518195916.840645313 0.06213 -0.04553 -0.37046 -0.73917 -0.02961 0.07780 0.66836
1518195916.875650406 0.06163 -0.04866 -0.37447 -0.73753 -0.03080 0.07689 0.67021
1518195916.910628319 0.06158 -0.05017 -0.37596 -0.73698 -0.03220 0.07694 0.67075
1518195916.940654278 0.06173 -0.05181 -0.37683 -0.73684 -0.03328 0.07745 0.67079
1518195916.975655317 0.06065 -0.05286 -0.37678 -0.73669 -0.03559 0.07807 0.67076
1518195917.010648251 0.06165 -0.05522 -0.37714 -0.73596 -0.03848 0.07992 0.67119
1518195917.025652409 0.06137 -0.05619 -0.37726 -0.73572 -0.04019 0.08023 0.67132
