1642689269.804855585 -0.08986 -0.00730 0.04868 0.05274 0.33697 -0.02074 0.93981
1642689269.904857397 0.09129 -0.10412 0.07028 0.01808 0.27189 0.00389 0.96215
1642689270.004860401 -0.03260 -0.06637 0.07023 0.03748 0.32952 -0.00087 0.94341
1642689270.104862452 -0.03795 -0.06929 0.07141 0.03731 0.33285 0.00198 0.94224
1642689270.204864502 -0.02424 -0.07585 0.07988 0.04993 0.33743 0.00319 0.94002
1642689270.304866552 -0.02376 -0.07338 0.08606 0.04704 0.33544 0.00864 0.94085
1642689270.404869556 -0.01563 -0.08498 0.06779 0.05320 0.32701 0.01337 0.94343
1642689270.504871368 -0.02077 -0.07475 0.06105 0.05058 0.32398 0.01390 0.94461
1642689270.604872465 -0.01463 -0.08039 0.05084 0.04556 0.31929 0.01927 0.94637
1642689270.704876423 -0.01512 -0.08255 0.04923 0.02879 0.31614 0.02855 0.94784
1642689270.804878473 -0.01678 -0.08243 0.04565 0.01627 0.30758 0.03588 0.95071
1642689270.904878378 -0.01792 -0.08218 0.04670 -0.00345 0.30730 0.04583 0.95050
1642689271.004882574 -0.02049 -0.08296 0.04614 -0.02389 0.31075 0.05673 0.94849
1642689271.104885578 -0.01821 -0.08577 0.04531 -0.03374 0.31082 0.06533 0.94762
1642689271.204887390 -0.02262 -0.08472 0.04659 -0.02611 0.29409 0.06703 0.95307
1642689271.304889441 -0.02417 -0.08240 0.04909 -0.02676 0.29308 0.07100 0.95307
1642689271.404891491 -0.02326 -0.08680 0.04960 -0.04135 0.29955 0.08091 0.94974
1642689271.504894495 -0.02118 -0.09119 0.04795 -0.04702 0.30035 0.08794 0.94860
1642689271.604896545 -0.01641 -0.09061 0.04802 -0.03433 0.28786 0.08691 0.95310
1642689271.704898596 -0.02211 -0.09279 0.04635 -0.03674 0.29265 0.09235 0.95104
1642689271.804901361 -0.02274 -0.09363 0.04496 -0.03347 0.28570 0.09482 0.95303
1642689271.904898405 -0.02185 -0.09421 0.04471 -0.02735 0.27979 0.09549 0.95491
1642689272.004903555 -0.02189 -0.09329 0.04443 -0.03151 0.27641 0.09850 0.95546
1642689272.104908466 -0.01646 -0.09428 0.04566 -0.02753 0.27905 0.09977 0.95468
1642689272.204910517 -0.01342 -0.09504 0.04588 -0.03054 0.28070 0.10291 0.95377
1642689272.304912567 -0.01165 -0.09570 0.04590 -0.03132 0.28212 0.10609 0.95298
1642689272.404912472 -0.01056 -0.09588 0.04675 -0.03600 0.28467 0.10955 0.95166
1642689272.504916430 -0.01042 -0.09606 0.04754 -0.03474 0.28278 0.11082 0.95213
1642689272.604919434 -0.00981 -0.09631 0.04797 -0.03487 0.28563 0.11180 0.95116
1642689272.704921484 -0.01247 -0.09679 0.05064 -0.02853 0.28704 0.11029 0.95112
1642689272.804924488 -0.00877 -0.09656 0.05404 -0.03391 0.29053 0.11204 0.94968
1642689272.904925585 -0.00351 -0.09671 0.06243 -0.03763 0.29925 0.11446 0.94654
1642689273.004928589 -0.09975 -0.08211 0.07268 -0.02567 0.28776 0.11038 0.95097
1642689273.104929447 -0.01077 -0.09346 0.06219 -0.03447 0.30355 0.11372 0.94538
1642689273.204933405 -0.01074 -0.09170 0.06047 -0.03678 0.30828 0.11351 0.94378
1642689273.304935455 -0.01254 -0.09051 0.05828 -0.03618 0.31152 0.11353 0.94274
1642689273.404937506 -0.01878 -0.08939 0.05595 -0.03640 0.31256 0.11291 0.94246
1642689273.504940510 -0.01721 -0.08839 0.04850 -0.03745 0.31513 0.11233 0.94163
1642689273.604942560 -0.01633 -0.08752 0.04884 -0.03749 0.32046 0.10980 0.94013
1642689273.704944372 -0.02414 -0.09146 0.05653 -0.02896 0.32308 0.10484 0.94010
1642689273.804946423 -0.03446 -0.09440 0.05668 -0.02436 0.32290 0.10170 0.94064
1642689273.904949427 -0.02858 -0.11228 0.05103 -0.02715 0.32523 0.10655 0.93922
1642689274.004951477 -0.03219 -0.09978 0.05237 -0.02216 0.32582 0.09874 0.94000
1642689274.104953527 -0.03106 -0.10194 0.05615 -0.02194 0.32825 0.09794 0.93924
1642689274.204955578 -0.02357 -0.10732 0.06018 -0.02248 0.33043 0.09829 0.93843
1642689274.304958582 -0.01914 -0.12588 0.05544 -0.01983 0.32853 0.10244 0.93871
1642689274.404959440 -0.01976 -0.12106 0.06399 -0.01705 0.33193 0.09878 0.93796
1642689274.504963398 -0.02174 -0.11312 0.07378 -0.01675 0.33428 0.09478 0.93755
1642689274.604964495 -0.01130 -0.13974 0.06648 -0.01545 0.33488 0.10116 0.93669
1642689274.704967499 -0.02042 -0.11891 0.06712 -0.01534 0.33425 0.09373 0.93769
1642689274.804969549 -0.01997 -0.11473 0.06592 -0.01190 0.33369 0.09083 0.93822
1642689274.904969454 -0.00721 -0.11563 0.08083 -0.00690 0.33852 0.08844 0.93677
1642689275.004970551 -0.01191 -0.11655 0.07017 -0.00822 0.33597 0.08769 0.93774
1642689275.104976416 -0.02481 -0.11559 0.07056 -0.00161 0.33254 0.08575 0.93918
1642689275.204977512 -0.02525 -0.11331 0.06898 -0.00293 0.33257 0.08413 0.93931
1642689275.304981470 -0.02481 -0.11359 0.06888 -0.00396 0.33405 0.08257 0.93892
1642689275.404983521 -0.02544 -0.11227 0.06801 -0.00438 0.33223 0.08074 0.93973
1642689275.504985571 -0.02610 -0.11212 0.06729 -0.00115 0.33090 0.07819 0.94042
1642689275.604984522 -0.02679 -0.11198 0.06662 -0.00063 0.32959 0.07609 0.94105
1642689275.704989433 -0.02679 -0.11180 0.06631 0.00072 0.32881 0.07496 0.94141
1642689275.804991484 -0.03670 -0.12675 0.06844 0.00258 0.32702 0.07529 0.94201
1642689275.904995441 -0.03141 -0.11551 0.06159 0.00315 0.32648 0.07389 0.94230
1642689276.004997492 -0.03181 -0.11423 0.06460 0.00834 0.32715 0.07125 0.94225
1642689276.104999542 -0.03045 -0.11216 0.06279 0.00833 0.32560 0.06900 0.94295
1642689276.205001593 -0.03181 -0.11217 0.06369 0.01048 0.32579 0.06681 0.94302
1642689276.305003405 -0.03318 -0.11288 0.06291 0.01172 0.32473 0.06532 0.94348
1642689276.405005455 -0.03731 -0.11457 0.05758 0.01278 0.32316 0.06372 0.94411
1642689276.505008459 -0.03677 -0.11544 0.05776 0.01322 0.32279 0.06209 0.94434
1642689276.605011463 -0.03374 -0.11190 0.06397 0.01293 0.32434 0.05995 0.94395
1642689276.705009460 -0.03467 -0.11700 0.06651 0.01373 0.32253 0.06058 0.94452
1642689276.805014372 -0.03404 -0.11285 0.06473 0.01497 0.32149 0.05881 0.94497
1642689276.905013561 -0.03285 -0.11348 0.06353 0.01581 0.32056 0.05799 0.94532
1642689277.005020380 -0.03379 -0.11417 0.06256 0.01634 0.32039 0.06034 0.94522
1642689277.105022430 -0.03179 -0.11766 0.06180 0.01874 0.32145 0.06047 0.94481
1642689277.205022573 -0.02669 -0.12293 0.05959 0.02102 0.32202 0.06156 0.94450
1642689277.305027485 -0.03656 -0.12048 0.06753 0.02332 0.31798 0.06067 0.94587
1642689277.405029535 -0.01296 -0.11437 0.06924 0.02968 0.32136 0.05656 0.94480
1642689277.505031586 -0.01674 -0.12104 0.04601 0.02168 0.32371 0.05679 0.94420
1642689277.605031490 -0.03503 -0.11575 0.05923 0.02441 0.32259 0.05451 0.94465
1642689277.705036402 -0.03391 -0.11461 0.06195 0.02674 0.32420 0.05225 0.94416
1642689277.805038452 -0.03447 -0.11349 0.06327 0.02802 0.32456 0.05073 0.94409
1642689277.905038595 -0.03480 -0.11280 0.06355 0.02868 0.32502 0.04927 0.94399
1642689278.005043507 -0.03542 -0.11288 0.06272 0.03307 0.32445 0.04733 0.94414
1642689278.105045557 -0.03595 -0.11264 0.06229 0.03327 0.32222 0.04588 0.94497
1642689278.205047369 -0.03633 -0.11186 0.06271 0.03425 0.32267 0.04276 0.94493
1642689278.305050373 -0.03699 -0.11128 0.06255 0.03538 0.32230 0.04007 0.94513
1642689278.405051470 -0.03783 -0.11094 0.06289 0.03233 0.32200 0.03689 0.94547
1642689278.505054474 -0.03926 -0.10942 0.06175 0.03083 0.32019 0.03289 0.94628
1642689278.605056524 -0.03976 -0.10730 0.06238 0.02986 0.31870 0.02665 0.94701
1642689278.705059528 -0.03767 -0.10680 0.06134 0.02909 0.31602 0.01986 0.94810
1642689278.805061579 -0.04204 -0.10458 0.06137 0.03164 0.31293 0.01393 0.94915
1642689278.905063391 -0.04363 -0.10280 0.06053 0.03285 0.30918 0.00713 0.95041
1642689279.005066395 -0.04623 -0.10088 0.06080 0.03452 0.30481 0.00034 0.95179
1642689279.105068445 -0.04739 -0.09952 0.06067 0.03428 0.30260 -0.00502 0.95249
1642689279.205070496 -0.04856 -0.09794 0.06055 0.03686 0.29998 -0.01092 0.95317
1642689279.305070400 -0.04752 -0.09800 0.05952 0.03847 0.29939 -0.01449 0.95324
1642689279.405075550 -0.04995 -0.09620 0.05988 0.03892 0.29628 -0.01827 0.95413
1642689279.505074501 -0.05085 -0.09535 0.05967 0.04093 0.29434 -0.02170 0.95458
1642689279.605079412 -0.05135 -0.09459 0.05968 0.04220 0.29357 -0.02481 0.95468
1642689279.705082417 -0.05280 -0.09383 0.05978 0.04585 0.29217 -0.02816 0.95485
1642689279.805083513 -0.05385 -0.09353 0.06139 0.04821 0.29196 -0.02995 0.95474
1642689279.905086517 -0.05746 -0.09259 0.06259 0.04942 0.29303 -0.03281 0.95426
1642689280.005088568 -0.05576 -0.09324 0.06646 0.05106 0.29495 -0.03496 0.95351
1642689280.105091572 -0.05131 -0.09198 0.06162 0.05500 0.29670 -0.03900 0.95259
1642689280.205093384 -0.05237 -0.09138 0.06184 0.05669 0.29440 -0.04107 0.95311
1642689280.305091381 -0.05347 -0.09104 0.06069 0.05663 0.29260 -0.04290 0.95359
1642689280.405098438 -0.05421 -0.09141 0.05975 0.05976 0.28910 -0.04624 0.95431
1642689280.505100489 -0.05772 -0.09033 0.05768 0.06242 0.28779 -0.04857 0.95442
1642689280.605102539 -0.05941 -0.08980 0.05626 0.06408 0.28722 -0.05279 0.95426
1642689280.705104589 -0.05983 -0.08773 0.05774 0.06859 0.28792 -0.05780 0.95345
1642689280.805107594 -0.05876 -0.08572 0.05658 0.06846 0.28704 -0.06266 0.95341
1642689280.905109406 -0.05731 -0.08567 0.05843 0.07063 0.28529 -0.06745 0.95345
1642689281.005111456 -0.05981 -0.08486 0.05862 0.07420 0.28431 -0.07297 0.95307
1642689281.105114460 -0.06753 -0.08737 0.06111 0.07671 0.28407 -0.07653 0.95266
1642689281.205116510 -0.07797 -0.09045 0.06881 0.07887 0.28287 -0.08073 0.95250
1642689281.305118561 -0.08089 -0.09226 0.07553 0.08112 0.28134 -0.08592 0.95230
1642689281.405120373 -0.08229 -0.08966 0.07201 0.08336 0.27867 -0.09136 0.95239
1642689281.505122423 -0.08074 -0.08857 0.06811 0.08495 0.27747 -0.09573 0.95217
1642689281.605123520 -0.07833 -0.08498 0.06755 0.08591 0.27710 -0.09931 0.95183
1642689281.705120564 -0.08087 -0.08473 0.06857 0.08488 0.27799 -0.10063 0.95152
1642689281.805128574 -0.08197 -0.08441 0.06893 0.08563 0.27757 -0.10255 0.95137
1642689281.905132532 -0.08376 -0.08282 0.07017 0.08424 0.27776 -0.10422 0.95126
1642689282.005134583 -0.08113 -0.08366 0.07075 0.08650 0.27904 -0.10633 0.95045
1642689282.105136395 -0.08053 -0.08280 0.07043 0.08456 0.27930 -0.10835 0.95032
1642689282.205139399 -0.07964 -0.08147 0.07102 0.08591 0.27961 -0.11258 0.94961
1642689282.305141449 -0.08033 -0.08080 0.07212 0.08603 0.27995 -0.11680 0.94899
1642689282.405143499 -0.08172 -0.07968 0.07228 0.08667 0.27935 -0.12111 0.94857
1642689282.505146503 -0.08222 -0.07859 0.07265 0.08866 0.27923 -0.12505 0.94791
1642689282.605148554 -0.08268 -0.07743 0.07286 0.09099 0.27954 -0.12925 0.94703
1642689282.705150366 -0.08247 -0.07624 0.07325 0.09262 0.28112 -0.13416 0.94572
1642689282.805152416 -0.08279 -0.07489 0.07365 0.09418 0.28205 -0.13909 0.94458
1642689282.905155420 -0.08292 -0.07353 0.07357 0.09381 0.28096 -0.14321 0.94433
1642689283.005157471 -0.08307 -0.07216 0.07370 0.09429 0.28059 -0.14697 0.94381
1642689283.105158567 -0.08291 -0.07179 0.07316 0.09613 0.27900 -0.14986 0.94364
1642689283.205158472 -0.08338 -0.07107 0.07291 0.09643 0.27775 -0.15231 0.94359
1642689283.305164576 -0.08322 -0.07049 0.07264 0.09790 0.27739 -0.15480 0.94314
1642689283.405166388 -0.08307 -0.06978 0.07275 0.09920 0.27713 -0.15754 0.94262
1642689283.505169392 -0.08337 -0.06908 0.07291 0.10179 0.27742 -0.16031 0.94179
1642689283.605171442 -0.08355 -0.06822 0.07327 0.10315 0.27802 -0.16346 0.94093
1642689283.705173492 -0.08418 -0.06714 0.07409 0.10348 0.27867 -0.16439 0.94054
1642689283.805175543 -0.08318 -0.06636 0.07373 0.10373 0.27785 -0.16964 0.93982
1642689283.905177593 -0.08331 -0.06603 0.07395 0.10436 0.27631 -0.17166 0.93984
1642689284.005177498 -0.08340 -0.06514 0.07376 0.10133 0.27575 -0.17302 0.94008
1642689284.105179548 -0.08385 -0.06446 0.07461 0.09881 0.27606 -0.17361 0.94015
1642689284.205185413 -0.08273 -0.06530 0.07331 0.09850 0.27356 -0.17479 0.94070
1642689284.305186510 -0.08401 -0.06380 0.07428 0.09608 0.27226 -0.17575 0.94114
1642689284.405186415 -0.08408 -0.06302 0.07238 0.09873 0.27197 -0.17323 0.94142
1642689284.505187511 -0.08340 -0.06095 0.07103 0.10014 0.27311 -0.17130 0.94130
1642689284.605190516 -0.08278 -0.05775 0.06974 0.10054 0.27311 -0.17148 0.94122
1642689284.705196381 -0.08219 -0.05367 0.06945 0.10006 0.27308 -0.17242 0.94111
1642689284.805195570 -0.08093 -0.04802 0.06901 0.09899 0.27418 -0.17363 0.94068
1642689284.905201435 -0.08431 -0.04883 0.05091 0.10331 0.27121 -0.17971 0.93994
1642689285.005203485 -0.08730 -0.05913 0.05860 0.10123 0.27430 -0.18124 0.93897
1642689285.105205536 -0.09731 -0.06152 0.06918 0.10098 0.27502 -0.18352 0.93834
1642689285.205207586 -0.08767 -0.05970 0.05662 0.09945 0.27575 -0.18633 0.93774
1642689285.305210590 -0.06572 -0.06263 0.05043 0.10125 0.27885 -0.18979 0.93593
1642689285.405212402 -0.05464 -0.06236 0.04922 0.10272 0.28068 -0.19376 0.93441
1642689285.505211592 -0.05943 -0.06163 0.05775 0.10181 0.28002 -0.19675 0.93409
1642689285.605217457 -0.04604 -0.06214 0.05213 0.10114 0.27923 -0.19958 0.93380
1642689285.705219507 -0.05176 -0.06006 0.05431 0.10174 0.27736 -0.20334 0.93347
1642689285.805220366 -0.05011 -0.05963 0.05488 0.10116 0.27521 -0.20649 0.93348
1642689285.905222416 -0.04882 -0.05872 0.05459 0.09994 0.27305 -0.20967 0.93354
1642689286.005226374 -0.04850 -0.05795 0.05379 0.09985 0.27039 -0.21330 0.93350
1642689286.105227470 -0.05065 -0.05710 0.05415 0.09992 0.26933 -0.21655 0.93305
1642689286.205230474 -0.04414 -0.05597 0.05283 0.09983 0.26790 -0.22171 0.93226
1642689286.305232525 -0.04401 -0.05559 0.05367 0.09831 0.26722 -0.22586 0.93162
1642689286.405235529 -0.04220 -0.05422 0.05306 0.09899 0.26528 -0.23194 0.93061
1642689286.505237579 -0.04019 -0.05251 0.05385 0.09918 0.26369 -0.23866 0.92934
1642689286.605239391 -0.03403 -0.04977 0.05328 0.10107 0.26229 -0.24710 0.92732
1642689286.705242395 -0.03245 -0.04723 0.05405 0.10295 0.26161 -0.25393 0.92546
1642689286.805244446 -0.03139 -0.04491 0.05411 0.10290 0.26085 -0.26016 0.92395
1642689286.905245543 -0.03099 -0.04684 0.05538 0.10361 0.26092 -0.26576 0.92225
1642689287.005249500 -0.03277 -0.04356 0.05177 0.10375 0.25861 -0.27049 0.92151
1642689287.105251551 -0.03076 -0.04363 0.05088 0.10518 0.25655 -0.27609 0.92027
1642689287.205253363 -0.02973 -0.04290 0.05054 0.10757 0.25364 -0.28081 0.91937
1642689287.305256367 -0.03022 -0.04194 0.04955 0.10979 0.24950 -0.28588 0.91868
1642689287.405258417 -0.03120 -0.04122 0.04883 0.11063 0.24522 -0.29015 0.91839
1642689287.505260468 -0.04273 -0.04382 0.04887 0.11209 0.23982 -0.29125 0.91929
1642689287.605262518 -0.04321 -0.04380 0.04880 0.11618 0.23714 -0.29326 0.91884
1642689287.705265522 -0.04964 -0.04700 0.04732 0.11774 0.23281 -0.29407 0.91949
1642689287.805267572 -0.05196 -0.04762 0.04933 0.11896 0.22971 -0.29591 0.91952
1642689287.905268431 -0.05357 -0.04483 0.04917 0.12050 0.22745 -0.29790 0.91924
1642689288.005267382 -0.06022 -0.04757 0.04914 0.12103 0.22476 -0.29714 0.92008
1642689288.105274439 -0.06210 -0.04396 0.05029 0.12016 0.22177 -0.29877 0.92039
1642689288.205276489 -0.06346 -0.04383 0.05499 0.11911 0.22038 -0.29913 0.92074
1642689288.305277586 -0.06342 -0.03444 0.05127 0.11752 0.22049 -0.29943 0.92082
1642689288.405281544 -0.06585 -0.04366 0.05498 0.11870 0.21733 -0.30170 0.92068
1642689288.505282402 -0.07047 -0.04251 0.05616 0.11811 0.21279 -0.30254 0.92154
1642689288.605285406 -0.07680 -0.04425 0.05018 0.11850 0.20675 -0.30298 0.92272
1642689288.705288410 -0.07801 -0.04603 0.05037 0.11775 0.20132 -0.30356 0.92382
1642689288.805290461 -0.08293 -0.04104 0.04986 0.11660 0.19665 -0.30561 0.92431
1642689288.905292511 -0.08753 -0.04383 0.04917 0.11769 0.19358 -0.30527 0.92492
1642689289.005282402 -0.09233 -0.04446 0.05505 0.11639 0.19245 -0.30455 0.92556
1642689289.105297565 -0.09684 -0.04405 0.05972 0.11480 0.19223 -0.30487 0.92570
1642689289.205298424 -0.10145 -0.04236 0.06573 0.11309 0.19151 -0.30382 0.92641
1642689289.305301428 -0.11240 -0.04488 0.06845 0.11044 0.19083 -0.30001 0.92811
1642689289.405303478 -0.12032 -0.03370 0.07313 0.10925 0.19103 -0.29731 0.92907
1642689289.505306482 -0.11355 -0.05554 0.07428 0.11286 0.19192 -0.29320 0.92977
1642689289.605307579 -0.10559 -0.04873 0.07183 0.11014 0.19239 -0.29433 0.92964
1642689289.705310583 -0.10125 -0.05556 0.06747 0.10984 0.19271 -0.29145 0.93051
1642689289.805311441 -0.09319 -0.05208 0.06581 0.10838 0.19273 -0.29196 0.93052
1642689289.905314445 -0.09634 -0.05451 0.06442 0.10870 0.19029 -0.28993 0.93162
1642689290.005317450 -0.10252 -0.05793 0.06358 0.11025 0.18720 -0.28822 0.93259
1642689290.105316401 -0.09895 -0.05571 0.06239 0.10998 0.18686 -0.28784 0.93281
1642689290.205320358 -0.10197 -0.05568 0.06060 0.11029 0.18502 -0.28653 0.93354
1642689290.305324554 -0.09955 -0.05630 0.06296 0.11052 0.18565 -0.28475 0.93394
1642689290.405326366 -0.10258 -0.05518 0.06310 0.11070 0.18446 -0.28185 0.93503
1642689290.505329370 -0.10581 -0.05578 0.06242 0.10997 0.18343 -0.27757 0.93660
1642689290.605331421 -0.10479 -0.05991 0.06237 0.11030 0.18411 -0.27173 0.93814
1642689290.705333471 -0.10409 -0.06081 0.06262 0.10821 0.18412 -0.26702 0.93973
1642689290.805336475 -0.10501 -0.06072 0.06331 0.10805 0.18431 -0.26257 0.94096
1642689290.905338526 -0.10405 -0.06558 0.06191 0.10629 0.18556 -0.25643 0.94261
1642689291.005340576 -0.10692 -0.06828 0.06389 0.10384 0.18673 -0.25100 0.94411
1642689291.105342388 -0.10798 -0.06969 0.06417 0.10068 0.18834 -0.24618 0.94540
1642689291.205345392 -0.10637 -0.07103 0.06365 0.09815 0.19045 -0.24158 0.94643
1642689291.305347443 -0.10640 -0.07269 0.06402 0.09575 0.19250 -0.23690 0.94745
1642689291.405349493 -0.10544 -0.07433 0.06397 0.09507 0.19482 -0.23178 0.94831
1642689291.505352497 -0.10546 -0.07574 0.06444 0.09411 0.19693 -0.22683 0.94916
1642689291.605354548 -0.10600 -0.07722 0.06501 0.09204 0.19918 -0.22178 0.95009
1642689291.705356359 -0.10491 -0.07857 0.06368 0.08990 0.20108 -0.21753 0.95088
1642689291.805359364 -0.10414 -0.07907 0.06395 0.08652 0.20367 -0.21412 0.95141
1642689291.905361414 -0.10369 -0.07970 0.06393 0.08482 0.20572 -0.21090 0.95184
1642689292.005363464 -0.10506 -0.07918 0.06590 0.08368 0.20789 -0.20690 0.95235
1642689292.105365515 -0.14363 -0.06560 0.07584 0.08823 0.20272 -0.20463 0.95354
1642689292.205367565 -0.10676 -0.07992 0.07141 0.08526 0.21162 -0.19858 0.95316
1642689292.305370569 -0.10804 -0.07741 0.07459 0.08426 0.21285 -0.19513 0.95369
1642689292.405372381 -0.10327 -0.08053 0.07246 0.08399 0.21612 -0.19164 0.95368
1642689292.505375385 -0.10234 -0.08637 0.06767 0.08249 0.21852 -0.18677 0.95423
1642689292.605377436 -0.09788 -0.08252 0.07015 0.07945 0.22214 -0.18457 0.95408
1642689292.705379486 -0.10165 -0.08833 0.06328 0.07885 0.22347 -0.17936 0.95482
1642689292.805381536 -0.10002 -0.09172 0.06738 0.07645 0.22776 -0.17504 0.95480
1642689292.905384541 -0.09745 -0.08741 0.06484 0.07311 0.23157 -0.17175 0.95474
1642689293.005386591 -0.09311 -0.08389 0.06369 0.07156 0.23639 -0.16783 0.95438
1642689293.105388403 -0.09166 -0.08635 0.06195 0.07026 0.24214 -0.16278 0.95390
1642689293.205391407 -0.08861 -0.08529 0.05942 0.06842 0.24714 -0.15783 0.95359
1642689293.305393457 -0.08430 -0.08698 0.05863 0.06542 0.25442 -0.15070 0.95304
1642689293.405395508 -0.07833 -0.08355 0.05527 0.06173 0.26046 -0.14724 0.95219
1642689293.505397558 -0.07505 -0.08395 0.05547 0.05769 0.26729 -0.14247 0.95128
1642689293.605400562 -0.07260 -0.08291 0.05028 0.05487 0.27090 -0.13681 0.95126
1642689293.705402374 -0.06835 -0.08255 0.05128 0.05077 0.27582 -0.12994 0.95103
1642689293.805404425 -0.06553 -0.08745 0.04769 0.04663 0.28023 -0.12153 0.95107
1642689293.905407429 -0.06137 -0.08788 0.04773 0.04267 0.28497 -0.11521 0.95063
1642689294.005408525 -0.06026 -0.08655 0.04648 0.03950 0.28931 -0.10942 0.95014
1642689294.105411530 -0.05859 -0.08173 0.04252 0.03557 0.29066 -0.10494 0.95039
1642689294.205412388 -0.06071 -0.08347 0.04261 0.03313 0.29397 -0.09973 0.95002
1642689294.305416584 -0.05353 -0.07271 0.05464 0.03086 0.29829 -0.09849 0.94888
1642689294.405418396 -0.05472 -0.07430 0.05094 0.02947 0.29948 -0.09303 0.94910
1642689294.505420446 -0.04893 -0.06012 0.05357 0.02643 0.30175 -0.09157 0.94861
1642689294.605423450 -0.05100 -0.06973 0.05439 0.02603 0.30503 -0.08382 0.94829
1642689294.705425501 -0.04550 -0.06018 0.05845 0.02297 0.30882 -0.08260 0.94725
1642689294.805427551 -0.04965 -0.06826 0.05400 0.02331 0.31106 -0.07653 0.94702
1642689294.905429363 -0.04559 -0.06860 0.05747 0.02254 0.31512 -0.07218 0.94603
1642689295.005432367 -0.04411 -0.06914 0.05880 0.02271 0.31878 -0.06812 0.94510
1642689295.105434418 -0.05243 -0.09033 0.05849 0.02118 0.32158 -0.05855 0.94483
1642689295.205436468 -0.04859 -0.08581 0.05763 0.02389 0.32401 -0.05837 0.94395
1642689295.305438519 -0.04154 -0.08580 0.05842 0.02496 0.32775 -0.05659 0.94274
1642689295.405439377 -0.04074 -0.08363 0.05674 0.02622 0.32901 -0.05566 0.94232
1642689295.505441427 -0.04041 -0.08256 0.05954 0.02669 0.33228 -0.05333 0.94129
1642689295.605445385 -0.03281 -0.07008 0.05218 0.02844 0.33100 -0.05699 0.94148
1642689295.705448389 -0.02839 -0.06153 0.04752 0.03015 0.33113 -0.05857 0.94128
1642689295.805450439 -0.01734 -0.05444 0.04533 0.03051 0.33315 -0.06249 0.94031
1642689295.905452490 -0.02689 -0.07101 0.05062 0.03717 0.33341 -0.06073 0.94009
1642689296.005455494 -0.00046 -0.03052 0.03819 0.03184 0.33400 -0.06500 0.93979
1642689296.105457544 0.02084 -0.01352 0.03710 0.02828 0.33485 -0.07171 0.93911
1642689296.205459595 -0.00777 -0.05508 0.02643 0.03483 0.33104 -0.07706 0.93982
1642689296.305462360 -0.03582 -0.06115 0.00807 0.03859 0.32782 -0.08093 0.94047
1642689296.405464411 -0.01182 -0.06347 0.02136 0.03881 0.33151 -0.08611 0.93871
1642689296.505466461 -0.01027 -0.07745 0.00648 0.04299 0.32930 -0.09099 0.93885
1642689296.605468512 -0.03947 -0.05787 0.01576 0.04704 0.32457 -0.09997 0.93939
1642689296.705471516 -0.05107 -0.06055 0.02372 0.05410 0.31872 -0.10761 0.94017
1642689296.805473566 -0.06093 -0.04806 0.03862 0.05508 0.31473 -0.11670 0.94037
1642689296.905475378 -0.04642 -0.04521 0.03453 0.05981 0.31109 -0.12499 0.94022
1642689297.005478382 -0.04990 -0.04311 0.03378 0.06417 0.30713 -0.13314 0.94012
1642689297.105480433 -0.07471 -0.04888 0.03818 0.07303 0.30180 -0.14185 0.93992
1642689297.205482483 -0.08144 -0.04373 0.04237 0.07685 0.29946 -0.15378 0.93850
1642689297.305484533 -0.07997 -0.04492 0.04414 0.08245 0.29767 -0.16242 0.93713
1642689297.405487537 -0.16535 -0.01857 0.06369 0.08321 0.28901 -0.17112 0.93823
1642689297.505489588 -0.10181 -0.04131 0.05075 0.08973 0.29148 -0.18073 0.93505
1642689297.605491400 -0.10626 -0.04026 0.05190 0.09053 0.28776 -0.18900 0.93449
1642689297.705494404 -0.09842 -0.03739 0.04850 0.09189 0.28512 -0.19645 0.93363
1642689297.805496454 -0.09429 -0.03573 0.04520 0.09350 0.28272 -0.20134 0.93316
1642689297.905498505 -0.10009 -0.02795 0.04473 0.09283 0.28039 -0.20491 0.93315
1642689298.005500555 -0.09899 -0.03191 0.04204 0.09511 0.27849 -0.20738 0.93295
1642689298.105503559 -0.09903 -0.02945 0.04286 0.09546 0.27794 -0.21055 0.93236
1642689298.205505371 -0.09999 -0.02994 0.04495 0.09575 0.27627 -0.21358 0.93214
1642689298.305507421 -0.10176 -0.02819 0.04427 0.09566 0.27385 -0.21870 0.93168
1642689298.405510426 -0.10272 -0.02586 0.04410 0.09706 0.27032 -0.22564 0.93091
1642689298.505512476 -0.10391 -0.02341 0.04302 0.09808 0.26632 -0.23201 0.93039
1642689298.605514526 -0.10499 -0.02089 0.04187 0.09900 0.26191 -0.23949 0.92965
1642689298.705516577 -0.10758 -0.01883 0.04167 0.10225 0.25713 -0.24617 0.92889
1642689298.805519581 -0.11413 -0.01763 0.04165 0.10476 0.25283 -0.25019 0.92871
1642689298.905521393 -0.11734 -0.01661 0.04174 0.10732 0.24944 -0.25497 0.92804
1642689299.005523443 -0.12061 -0.01582 0.04267 0.10832 0.24737 -0.25915 0.92732
1642689299.105524540 -0.12205 -0.01679 0.04798 0.11025 0.24815 -0.26196 0.92609
1642689299.205527544 -0.12302 -0.01521 0.04772 0.11251 0.24716 -0.26585 0.92497
1642689299.305530548 -0.12497 -0.01498 0.04820 0.11446 0.24610 -0.26934 0.92401
1642689299.405532360 -0.12629 -0.01493 0.04871 0.11668 0.24519 -0.27249 0.92305
1642689299.505535364 -0.12834 -0.01363 0.04826 0.11798 0.24259 -0.27565 0.92263
1642689299.605536461 -0.13052 -0.01377 0.04977 0.12040 0.24097 -0.27786 0.92208
1642689299.705539465 -0.13349 -0.01415 0.04893 0.12063 0.23778 -0.27849 0.92269
1642689299.805541515 -0.13605 -0.01733 0.04766 0.12002 0.23429 -0.27796 0.92382
1642689299.905544519 -0.14008 -0.01986 0.04565 0.11792 0.23076 -0.27754 0.92510
1642689300.005546570 -0.14317 -0.01867 0.04530 0.11550 0.22777 -0.27791 0.92604
1642689300.105548382 -0.13958 -0.01869 0.04899 0.11415 0.22657 -0.27933 0.92607
1642689300.205551386 -0.13886 -0.01717 0.04753 0.11113 0.22422 -0.28064 0.92662
1642689300.305553436 -0.14193 -0.01394 0.04757 0.10568 0.22268 -0.27931 0.92803
1642689300.405555487 -0.14285 -0.01096 0.04790 0.09964 0.22490 -0.27455 0.92958
1642689300.505558491 -0.14976 -0.01122 0.05212 0.09548 0.22461 -0.26794 0.93201
1642689300.605560541 -0.15971 -0.02161 0.05890 0.09436 0.22731 -0.25716 0.93450
1642689300.705562592 -0.14866 -0.00946 0.06669 0.08987 0.23096 -0.25448 0.93478
1642689300.805564404 -0.15838 -0.02754 0.06122 0.09095 0.22990 -0.24206 0.93823
1642689300.905567408 -0.15913 -0.03043 0.06374 0.09079 0.23084 -0.23597 0.93957
1642689301.005569458 -0.15783 -0.03722 0.06022 0.08997 0.23152 -0.23005 0.94095
1642689301.105569363 -0.16095 -0.04006 0.06164 0.08735 0.23125 -0.22558 0.94234
1642689301.205574512 -0.16509 -0.04057 0.06086 0.08714 0.23025 -0.22249 0.94334
1642689301.305576563 -0.16140 -0.03676 0.06644 0.08289 0.23261 -0.22278 0.94308
1642689301.405578375 -0.16186 -0.03003 0.06877 0.07759 0.23519 -0.22802 0.94163
1642689301.505581379 -0.16230 -0.02873 0.06299 0.07765 0.23613 -0.22514 0.94208
1642689301.605583429 -0.16876 -0.04093 0.06672 0.07518 0.24247 -0.22353 0.94106
1642689301.705585480 -0.17269 -0.02905 0.07669 0.06627 0.25005 -0.22484 0.93943
1642689301.805587530 -0.15423 -0.02866 0.07718 0.06169 0.25451 -0.22177 0.93928
1642689301.905589581 -0.15031 -0.03194 0.06825 0.06013 0.25671 -0.21950 0.93931
1642689302.005592585 -0.16506 -0.02519 0.07293 0.06006 0.25511 -0.21415 0.94099
1642689302.105594397 -0.15521 -0.01655 0.06867 0.05755 0.25542 -0.21354 0.94120
1642689302.205596447 -0.15207 -0.03347 0.08435 0.05823 0.25407 -0.20990 0.94234
1642689302.305599451 -0.14952 -0.04266 0.07608 0.05732 0.25536 -0.20066 0.94406
1642689302.405601501 -0.14877 -0.04847 0.07464 0.05279 0.25534 -0.19166 0.94619
1642689302.505603552 -0.13575 -0.02783 0.07581 0.04257 0.25894 -0.19069 0.94593
1642689302.605605364 -0.13667 -0.03893 0.06901 0.04001 0.25861 -0.18109 0.94801
1642689302.705608368 -0.14053 -0.04322 0.06313 0.03421 0.25871 -0.17244 0.94982
1642689302.805610418 -0.13414 -0.04707 0.06030 0.03021 0.26086 -0.16468 0.95075
1642689302.905613422 -0.14825 -0.05448 0.07032 0.02975 0.26268 -0.15450 0.95197
1642689303.005615473 -0.13907 -0.05674 0.06102 0.02786 0.26431 -0.14845 0.95254
1642689303.105617523 -0.14068 -0.06626 0.06073 0.03029 0.26651 -0.13780 0.95345
1642689303.205619574 -0.13827 -0.06526 0.05524 0.02944 0.26933 -0.13087 0.95366
1642689303.305622578 -0.14090 -0.06618 0.06946 0.02485 0.27651 -0.12379 0.95268
1642689303.405624390 -0.13007 -0.05961 0.06619 0.02105 0.28112 -0.12095 0.95179
1642689303.505626440 -0.13220 -0.06324 0.06571 0.01743 0.28606 -0.11448 0.95119
1642689303.605627537 -0.12443 -0.06381 0.07420 0.01575 0.29357 -0.11098 0.94934
1642689303.705631495 -0.12297 -0.06356 0.07650 0.01528 0.29679 -0.10789 0.94871
1642689303.805633545 -0.12304 -0.06532 0.07757 0.01372 0.29976 -0.10492 0.94813
1642689303.905628443 -0.11547 -0.06235 0.08049 0.01453 0.30352 -0.10577 0.94683
1642689304.005636454 -0.10690 -0.05752 0.07793 0.01779 0.30358 -0.10586 0.94674
1642689304.105640411 -0.10435 -0.06689 0.08101 0.02109 0.30404 -0.10617 0.94649
1642689304.205642462 -0.09894 -0.07719 0.07859 0.02420 0.30603 -0.10294 0.94613
1642689304.305645466 -0.08846 -0.07521 0.08039 0.02520 0.31090 -0.10117 0.94471
1642689304.405647516 -0.11006 -0.07218 0.07185 0.02771 0.30893 -0.09737 0.94568
1642689304.505649567 -0.09662 -0.07803 0.07953 0.02613 0.31660 -0.09492 0.94344
1642689304.605651379 -0.08596 -0.07371 0.08052 0.02743 0.32027 -0.09509 0.94214
1642689304.705654383 -0.08586 -0.07122 0.07459 0.02624 0.32142 -0.09318 0.94198
1642689304.805656433 -0.08396 -0.07131 0.07596 0.02853 0.32419 -0.09024 0.94125
1642689304.905658484 -0.07886 -0.07766 0.07705 0.02977 0.32733 -0.08643 0.94048
1642689305.005661488 -0.07189 -0.07271 0.07530 0.03049 0.32989 -0.08625 0.93958
1642689305.105663538 -0.07031 -0.07697 0.07058 0.03286 0.33065 -0.08394 0.93944
1642689305.205665588 -0.06530 -0.08048 0.07061 0.03695 0.33414 -0.08230 0.93819
1642689305.305665493 -0.06767 -0.09191 0.06610 0.04004 0.33459 -0.07795 0.93828
1642689305.405669451 -0.06533 -0.10318 0.06928 0.04426 0.33686 -0.07373 0.93762
1642689305.505671501 -0.06424 -0.10514 0.06158 0.04510 0.33551 -0.07231 0.93817
1642689305.605673552 -0.05324 -0.09982 0.06863 0.04857 0.33846 -0.07257 0.93692
1642689305.705677509 -0.05082 -0.11222 0.06139 0.05193 0.33602 -0.07213 0.93765
1642689305.805679560 -0.04119 -0.11230 0.05604 0.05490 0.33253 -0.07660 0.93837
1642689305.905681372 -0.02747 -0.10810 0.05658 0.05746 0.32929 -0.08456 0.93868
1642689306.005684376 -0.01365 -0.12627 0.06188 0.06062 0.32929 -0.08555 0.93839
1642689306.105686426 -0.02636 -0.12474 0.03857 0.06058 0.32430 -0.09243 0.93948
1642689306.205688477 -0.01531 -0.15308 0.04353 0.05645 0.32434 -0.09725 0.93923
1642689306.305690527 -0.02242 -0.14433 0.05278 0.05620 0.32270 -0.10563 0.93891
1642689306.405693531 -0.03439 -0.13013 0.05646 0.05058 0.31924 -0.11286 0.93957
1642689306.505695581 -0.01930 -0.13829 0.05044 0.04711 0.31521 -0.11811 0.94046
1642689306.605697393 -0.02307 -0.13463 0.03920 0.04298 0.30168 -0.12357 0.94439
1642689306.705700397 -0.02857 -0.13054 0.04049 0.03740 0.29241 -0.12986 0.94670
1642689306.805702448 -0.03216 -0.12766 0.03957 0.03215 0.28190 -0.13290 0.94965
1642689306.905704498 -0.03654 -0.12995 0.05115 0.02935 0.27036 -0.13730 0.95247
1642689307.005706549 -0.03550 -0.16258 0.06484 0.03228 0.26631 -0.13440 0.95392
1642689307.105709553 -0.04064 -0.16230 0.05607 0.03100 0.25564 -0.13885 0.95625
1642689307.205711365 -0.04172 -0.15954 0.05008 0.02892 0.24757 -0.14374 0.95771
1642689307.305713415 -0.03898 -0.16703 0.05816 0.02569 0.24547 -0.14596 0.95801
1642689307.405716419 -0.03522 -0.18663 0.07567 0.02632 0.24663 -0.14407 0.95798
1642689307.505718470 -0.03639 -0.19128 0.06957 0.02407 0.24094 -0.14401 0.95950
1642689307.605720520 -0.02375 -0.19912 0.08733 0.02149 0.24520 -0.14599 0.95818
1642689307.705718517 -0.02129 -0.21266 0.09127 0.02158 0.24464 -0.14423 0.95858
1642689307.805725574 -0.01482 -0.22147 0.09496 0.02592 0.24694 -0.14616 0.95759
1642689307.905727386 -0.00716 -0.23795 0.09958 0.03603 0.25037 -0.14977 0.95582
1642689308.005728483 -0.00652 -0.24887 0.10184 0.04344 0.25276 -0.14360 0.95583
1642689308.105732441 -0.00606 -0.27708 0.10059 0.05361 0.25773 -0.15383 0.95238
1642689308.205734491 0.00650 -0.26247 0.09063 0.05499 0.25944 -0.15936 0.95093
1642689308.305736542 0.00853 -0.26398 0.08902 0.05857 0.26154 -0.15687 0.95056
1642689308.405738592 0.03056 -0.25091 0.09364 0.05619 0.27070 -0.16738 0.94633
1642689308.505740404 0.02511 -0.27718 0.09741 0.06076 0.27680 -0.16025 0.94552
1642689308.605743408 0.02561 -0.27618 0.09217 0.05960 0.28063 -0.15778 0.94488
1642689308.705744505 0.01403 -0.29205 0.08193 0.06196 0.27937 -0.15188 0.94607
1642689308.805744410 0.01788 -0.31673 0.08446 0.06723 0.28243 -0.14347 0.94611
1642689308.905750513 0.01974 -0.32170 0.08379 0.06825 0.28536 -0.14081 0.94556
1642689309.005752563 0.02249 -0.31666 0.08723 0.07365 0.28884 -0.14234 0.94387
1642689309.105754375 0.02601 -0.31869 0.08737 0.07811 0.29535 -0.14422 0.94120
1642689309.205757380 0.03085 -0.31383 0.08149 0.07777 0.30174 -0.15167 0.93803
1642689309.305759430 0.02803 -0.32059 0.07371 0.08072 0.30407 -0.15134 0.93708
1642689309.405761480 0.03138 -0.32885 0.08813 0.08401 0.31340 -0.15063 0.93383
1642689309.505761385 0.01354 -0.33988 0.06568 0.08412 0.30642 -0.14559 0.93693
1642689309.605766535 0.00763 -0.33994 0.06422 0.08121 0.30445 -0.13988 0.93869
1642689309.705768585 -0.00266 -0.34838 0.06172 0.07781 0.30443 -0.13254 0.94005
1642689309.805768490 -0.01630 -0.35462 0.05280 0.07552 0.30537 -0.12995 0.94030
1642689309.905773401 -0.04353 -0.36056 0.04768 0.07383 0.30286 -0.12231 0.94227
1642689310.005775452 -0.05934 -0.36502 0.04287 0.06883 0.30561 -0.11369 0.94283
1642689310.105777502 -0.00942 -0.36716 0.06295 0.06147 0.31278 -0.10555 0.94194
1642689310.205780506 -0.01472 -0.38168 0.06277 0.05763 0.31203 -0.09788 0.94326
1642689310.305782557 -0.01697 -0.37848 0.05741 0.05290 0.30587 -0.09638 0.94571
1642689310.405784369 -0.02941 -0.37723 0.06427 0.04839 0.30007 -0.09509 0.94793
1642689310.505787373 -0.03919 -0.37958 0.06018 0.04340 0.29442 -0.09303 0.95015
1642689310.605789423 -0.05703 -0.39687 0.06338 0.04741 0.28735 -0.08741 0.95265
1642689310.705791473 -0.06530 -0.40615 0.06497 0.05060 0.28240 -0.08588 0.95410
1642689310.805793524 -0.07371 -0.41308 0.07428 0.05547 0.27910 -0.08491 0.95489
1642689310.905795574 -0.08664 -0.43014 0.06825 0.06268 0.27136 -0.07890 0.95719
1642689311.005798578 -0.10280 -0.43231 0.06880 0.06578 0.26519 -0.07801 0.95878
1642689311.105800390 -0.10320 -0.44269 0.06857 0.06914 0.26215 -0.07924 0.95928
1642689311.205803394 -0.10526 -0.44130 0.07434 0.07119 0.26017 -0.08251 0.95939
1642689311.305805445 -0.11570 -0.44623 0.07210 0.06888 0.25308 -0.08202 0.96150
1642689311.405807495 -0.12417 -0.45735 0.07282 0.06846 0.24946 -0.08198 0.96248
1642689311.505809546 -0.12865 -0.46195 0.07314 0.06572 0.24687 -0.08255 0.96329
1642689311.605812550 -0.13803 -0.46701 0.07289 0.06241 0.24307 -0.08162 0.96455
1642689311.705814362 -0.13826 -0.46047 0.07350 0.05908 0.24225 -0.08701 0.96450
1642689311.805816412 -0.14346 -0.46943 0.07002 0.06041 0.23806 -0.08795 0.96537
1642689311.905819416 -0.15305 -0.48488 0.06518 0.06476 0.23355 -0.08533 0.96643
1642689312.005821466 -0.15401 -0.48198 0.06577 0.06616 0.23276 -0.08823 0.96626
1642689312.105822563 -0.15574 -0.48388 0.06622 0.07015 0.23250 -0.08994 0.96588
1642689312.205825567 -0.15879 -0.49730 0.06519 0.07609 0.23166 -0.09066 0.96557
1642689312.305828571 -0.15695 -0.48855 0.05511 0.07848 0.22893 -0.09330 0.96578
1642689312.405830383 -0.15328 -0.49331 0.06306 0.08396 0.22962 -0.09084 0.96539
1642689312.505831480 -0.15405 -0.49616 0.05932 0.09180 0.22696 -0.08900 0.96547
1642689312.605835438 -0.15201 -0.53485 0.05849 0.10331 0.22659 -0.07510 0.96558
1642689312.705837488 -0.15116 -0.53515 0.06347 0.11311 0.22644 -0.07377 0.96462
1642689312.805839539 -0.14056 -0.56212 0.07592 0.12195 0.23153 -0.06468 0.96298
1642689312.905841589 -0.14832 -0.53017 0.07011 0.12255 0.23007 -0.07227 0.96272
1642689313.005844593 -0.14165 -0.53313 0.07948 0.12621 0.23541 -0.07755 0.96054
1642689313.105846405 -0.14523 -0.53337 0.07180 0.12892 0.23497 -0.08169 0.95994
1642689313.205848455 -0.14377 -0.53442 0.07271 0.13111 0.23688 -0.08442 0.95894
1642689313.305851460 -0.14285 -0.53110 0.07193 0.13105 0.23861 -0.08935 0.95808
1642689313.405853510 -0.13609 -0.53618 0.08188 0.13340 0.24311 -0.09836 0.95574
1642689313.505855560 -0.12880 -0.53868 0.08389 0.13705 0.24663 -0.10745 0.95333
1642689313.605857372 -0.13418 -0.52838 0.08312 0.13459 0.24832 -0.11230 0.95269
1642689313.705860376 -0.12992 -0.52862 0.08727 0.13197 0.25370 -0.12150 0.95051
1642689313.805862427 -0.12620 -0.52667 0.08676 0.12852 0.25751 -0.13133 0.94864
1642689313.905864477 -0.12035 -0.52020 0.08423 0.12546 0.26060 -0.13638 0.94749
1642689314.005867481 -0.11006 -0.51900 0.08751 0.12220 0.26562 -0.14380 0.94543
1642689314.105869532 -0.11241 -0.51449 0.08677 0.11826 0.27025 -0.15251 0.94325
1642689314.205871582 -0.10725 -0.51053 0.08279 0.11385 0.27744 -0.15782 0.94083
1642689314.305873394 -0.09590 -0.50735 0.08906 0.10850 0.29020 -0.16459 0.93644
1642689314.405876398 -0.08759 -0.49671 0.09428 0.10112 0.30222 -0.17198 0.93213
1642689314.505878448 -0.08775 -0.49153 0.07779 0.09486 0.30588 -0.17562 0.93091
1642689314.605880499 -0.09174 -0.50160 0.07233 0.09187 0.31123 -0.17317 0.92990
1642689314.705883503 -0.08725 -0.50102 0.07370 0.08864 0.31992 -0.17322 0.92725
1642689314.805885553 -0.08572 -0.49984 0.06845 0.08617 0.32550 -0.17286 0.92561
1642689314.905887365 -0.08348 -0.50585 0.06778 0.08463 0.33101 -0.16637 0.92498
1642689315.005890369 -0.07614 -0.50834 0.07463 0.08227 0.34002 -0.15861 0.92329
1642689315.105892420 -0.07386 -0.50645 0.06522 0.08003 0.34627 -0.15248 0.92220
1642689315.205894470 -0.06854 -0.50375 0.06570 0.07748 0.35519 -0.14858 0.91966
1642689315.305896521 -0.06527 -0.50769 0.06535 0.07516 0.36345 -0.14339 0.91744
1642689315.405899525 -0.06063 -0.50889 0.06932 0.07408 0.37239 -0.13874 0.91465
1642689315.505901575 -0.05922 -0.51211 0.07300 0.07331 0.37906 -0.13060 0.91317
1642689315.605903387 -0.05551 -0.51295 0.07166 0.07291 0.38407 -0.12438 0.91198
1642689315.705904484 -0.05510 -0.51488 0.07119 0.07273 0.38652 -0.11908 0.91167
1642689315.805908442 -0.05602 -0.51630 0.07172 0.07026 0.38749 -0.11332 0.91218
1642689315.905910492 -0.05424 -0.51721 0.07158 0.06617 0.39016 -0.10821 0.91197
1642689316.005912542 -0.05413 -0.51959 0.06779 0.06712 0.39007 -0.10376 0.91245
1642689316.105914593 -0.05041 -0.52029 0.06711 0.06139 0.38949 -0.09992 0.91354
1642689316.205917358 -0.04673 -0.52095 0.06520 0.05960 0.38672 -0.09481 0.91537
1642689316.305919409 -0.04162 -0.52493 0.06102 0.05971 0.38546 -0.08773 0.91660
1642689316.405922413 -0.04692 -0.52610 0.06416 0.06373 0.38359 -0.08059 0.91777
1642689316.505924463 -0.02982 -0.53175 0.04792 0.06306 0.38011 -0.07517 0.91972
1642689316.605926514 -0.03713 -0.53381 0.05303 0.06647 0.37516 -0.06756 0.92210
1642689316.705928564 -0.03413 -0.53730 0.04993 0.06759 0.36900 -0.05997 0.92503
1642689316.805931568 -0.03925 -0.54104 0.05150 0.06627 0.36371 -0.05450 0.92755
1642689316.905933380 -0.02521 -0.58746 0.03607 0.06912 0.36093 -0.04602 0.92889
1642689317.005935431 -0.03990 -0.54499 0.05976 0.06139 0.35643 -0.04324 0.93130
1642689317.105938435 -0.04382 -0.54139 0.05266 0.05829 0.34724 -0.03772 0.93520
1642689317.205940485 -0.04552 -0.54419 0.05298 0.05853 0.34156 -0.03196 0.93749
1642689317.305942535 -0.04664 -0.54839 0.05066 0.05823 0.33581 -0.02532 0.93979
1642689317.405944586 -0.04840 -0.55120 0.04905 0.05807 0.33051 -0.01946 0.94181
1642689317.505947590 -0.05505 -0.54322 0.04928 0.05892 0.32609 -0.01595 0.94337
1642689317.605949402 -0.05995 -0.54491 0.05091 0.05864 0.32364 -0.00921 0.94432
1642689317.705951452 -0.06400 -0.54100 0.05107 0.05641 0.32081 -0.00557 0.94544
1642689317.805953503 -0.06372 -0.54644 0.05124 0.05489 0.31990 0.00154 0.94586
1642689317.905956507 -0.06652 -0.54641 0.05246 0.05402 0.31786 0.00649 0.94657
1642689318.005958557 -0.06741 -0.54485 0.05109 0.05385 0.31400 0.01142 0.94783
1642689318.105960369 -0.07048 -0.54654 0.05135 0.05509 0.31008 0.01695 0.94896
1642689318.205963373 -0.07281 -0.54710 0.05176 0.05532 0.30684 0.02291 0.94987
1642689318.305965424 -0.07707 -0.55159 0.04831 0.05352 0.30343 0.03173 0.95082
1642689318.405967474 -0.08193 -0.55193 0.04909 0.05193 0.30216 0.04149 0.95094
1642689318.505970478 -0.07838 -0.55268 0.05192 0.04915 0.30206 0.05373 0.95050
1642689318.605972528 -0.07777 -0.55399 0.05417 0.04654 0.30052 0.06633 0.95033
1642689318.705974579 -0.08180 -0.55410 0.05584 0.04319 0.29614 0.07789 0.95098
1642689318.805976391 -0.07827 -0.55846 0.05347 0.04176 0.29034 0.09131 0.95164
1642689318.905979395 -0.07950 -0.56177 0.05036 0.04340 0.28309 0.10187 0.95268
1642689319.005981445 -0.08038 -0.56421 0.04708 0.04549 0.27518 0.11117 0.95386
1642689319.105983496 -0.08134 -0.56818 0.04434 0.05042 0.26767 0.12373 0.95420
1642689319.205986500 -0.08271 -0.57273 0.03902 0.05658 0.25955 0.13873 0.95404
1642689319.305988550 -0.08840 -0.57413 0.03551 0.06076 0.25056 0.14726 0.95491
1642689319.405990362 -0.09475 -0.57857 0.03612 0.06388 0.24270 0.14871 0.95650
1642689319.505993366 -0.10037 -0.58721 0.03498 0.06824 0.23607 0.14873 0.95786
1642689319.605995417 -0.09973 -0.59166 0.03874 0.06975 0.22997 0.14876 0.95923
1642689319.705997467 -0.09585 -0.59834 0.04531 0.07321 0.22546 0.14920 0.95997
1642689319.805999517 -0.09582 -0.60087 0.04104 0.07766 0.21789 0.14740 0.96165
1642689319.906002522 -0.09532 -0.60610 0.03922 0.08352 0.21182 0.14433 0.96298
1642689320.006004572 -0.09704 -0.60561 0.04090 0.08782 0.20748 0.13706 0.96460
1642689320.106006384 -0.09717 -0.61119 0.03699 0.09327 0.20495 0.12656 0.96606
1642689320.206009388 -0.10717 -0.60741 0.03299 0.09780 0.20176 0.11358 0.96790
1642689320.306011438 -0.11075 -0.61010 0.04255 0.10134 0.20406 0.10162 0.96838
1642689320.406013489 -0.10929 -0.60774 0.04534 0.10128 0.20640 0.08838 0.96919
1642689320.506015539 -0.11025 -0.60131 0.04578 0.10276 0.20885 0.07372 0.96974
1642689320.606018543 -0.11433 -0.59872 0.04493 0.10704 0.20985 0.06148 0.96991
1642689320.706020594 -0.11919 -0.59762 0.04540 0.11429 0.21214 0.05003 0.96924
1642689320.806022406 -0.12361 -0.59721 0.04726 0.12321 0.21459 0.03809 0.96815
1642689320.906025410 -0.12589 -0.59553 0.04820 0.13060 0.21663 0.02509 0.96715
1642689321.006027460 -0.12942 -0.59358 0.04991 0.13793 0.22036 0.01110 0.96555
1642689321.106029510 -0.13736 -0.59416 0.05553 0.14482 0.22417 -0.00139 0.96373
1642689321.206031561 -0.13384 -0.58876 0.05375 0.15082 0.22844 -0.01354 0.96171
1642689321.306034565 -0.12839 -0.58302 0.04911 0.15638 0.23197 -0.02610 0.95971
1642689321.406036377 -0.12944 -0.57959 0.04962 0.16178 0.23506 -0.04017 0.95758
1642689321.506038427 -0.13094 -0.57589 0.05156 0.16643 0.23952 -0.05384 0.95500
1642689321.606041431 -0.13183 -0.57190 0.05402 0.16790 0.24434 -0.06997 0.95248
1642689321.706043482 -0.13157 -0.56851 0.05712 0.16767 0.25060 -0.08505 0.94966
1642689321.806045532 -0.13112 -0.56625 0.06012 0.16556 0.25738 -0.09788 0.94698
1642689321.906047583 -0.12963 -0.56357 0.06332 0.16346 0.26506 -0.11047 0.94383
1642689322.006049395 -0.12914 -0.56320 0.06538 0.16237 0.26947 -0.11934 0.94169
1642689322.106052399 -0.13197 -0.56150 0.06822 0.16015 0.27149 -0.12712 0.94047
1642689322.206054449 -0.13171 -0.55850 0.06947 0.15731 0.27370 -0.13535 0.93916
1642689322.306057453 -0.13040 -0.55508 0.07213 0.14974 0.27642 -0.14406 0.93830
1642689322.406059504 -0.12905 -0.55233 0.07463 0.13890 0.27986 -0.15231 0.93765
1642689322.506061554 -0.12820 -0.54964 0.07680 0.12713 0.28218 -0.15835 0.93762
1642689322.606061459 -0.12766 -0.54875 0.07905 0.11518 0.28298 -0.16179 0.93834
1642689322.706066370 -0.12884 -0.54980 0.08170 0.10344 0.28104 -0.16390 0.93992
1642689322.806068420 -0.13045 -0.54627 0.08261 0.09422 0.27779 -0.16699 0.94131
1642689322.906070471 -0.13227 -0.54681 0.08685 0.08649 0.27332 -0.16983 0.94285
1642689323.006073475 -0.13252 -0.54650 0.08679 0.08027 0.26854 -0.17155 0.94447
1642689323.106075525 -0.13154 -0.54510 0.08398 0.07311 0.26332 -0.17256 0.94633
1642689323.206077576 -0.13029 -0.54982 0.08490 0.06536 0.26111 -0.17050 0.94788
1642689323.306079388 -0.13066 -0.55122 0.08110 0.05653 0.25847 -0.16827 0.94957
1642689323.406081438 -0.13943 -0.54522 0.08220 0.04660 0.25392 -0.16409 0.95207
1642689323.506084442 -0.13859 -0.54088 0.08215 0.03633 0.25129 -0.15569 0.95462
1642689323.606086493 -0.14514 -0.54650 0.08140 0.02733 0.24888 -0.14605 0.95707
1642689323.706089497 -0.14574 -0.55507 0.08610 0.02526 0.24917 -0.13338 0.95890
1642689323.806091547 -0.14100 -0.56361 0.09161 0.02533 0.25047 -0.11900 0.96045
1642689323.906093359 -0.14068 -0.56582 0.09216 0.02098 0.25180 -0.10445 0.96190
1642689324.006096363 -0.13645 -0.57086 0.08729 0.01858 0.25235 -0.09362 0.96292
1642689324.106098413 -0.12989 -0.57407 0.08689 0.01546 0.25663 -0.08448 0.96269
1642689324.206100464 -0.12692 -0.58220 0.08675 0.01116 0.26117 -0.07172 0.96256
1642689324.306102514 -0.12328 -0.58331 0.08254 0.00570 0.26483 -0.06008 0.96241
1642689324.406105518 -0.12186 -0.58790 0.08751 0.00374 0.27210 -0.04709 0.96111
1642689324.506107569 -0.12037 -0.59446 0.08577 0.00292 0.27701 -0.03617 0.96018
1642689324.606109381 -0.11847 -0.58914 0.08431 0.00571 0.28220 -0.02741 0.95895
1642689324.706112385 -0.11411 -0.58980 0.08431 0.00783 0.28761 -0.01731 0.95756
1642689324.806114435 -0.11132 -0.59301 0.08495 0.00856 0.29325 -0.00608 0.95598
1642689324.906116486 -0.10879 -0.59702 0.08582 0.00855 0.29818 0.00665 0.95445
1642689325.006118536 -0.10509 -0.59930 0.08651 0.00663 0.30174 0.01802 0.95320
1642689325.106121540 -0.10512 -0.60260 0.08821 0.00604 0.30319 0.02834 0.95249
1642689325.206123590 -0.10399 -0.60514 0.08905 0.00464 0.30451 0.03737 0.95176
1642689325.306125402 -0.10210 -0.60712 0.08919 0.00567 0.30598 0.04566 0.95093
1642689325.406128407 -0.09968 -0.60888 0.08825 0.00662 0.30816 0.05225 0.94988
1642689325.506130457 -0.09768 -0.60974 0.08870 0.00709 0.31199 0.05707 0.94834
1642689325.606132507 -0.09526 -0.61275 0.08775 0.00924 0.31440 0.06691 0.94688
1642689325.706134558 -0.09321 -0.61420 0.08764 0.01114 0.31810 0.07411 0.94509
1642689325.806137562 -0.08992 -0.61642 0.08777 0.01088 0.32299 0.08353 0.94264
1642689325.906139374 -0.08786 -0.61852 0.08703 0.01209 0.32543 0.09179 0.94102
1642689326.006141424 -0.08534 -0.62040 0.08682 0.01220 0.32842 0.09965 0.93918
1642689326.106144428 -0.08358 -0.62222 0.08598 0.01514 0.32980 0.10695 0.93785
1642689326.206146479 -0.08129 -0.62461 0.08503 0.01964 0.33211 0.11546 0.93594
1642689326.306148529 -0.07948 -0.62700 0.08351 0.02401 0.33309 0.12419 0.93437
1642689326.406150579 -0.07721 -0.62963 0.08228 0.02731 0.33382 0.13390 0.93268
1642689326.506153584 -0.07589 -0.63193 0.08090 0.02836 0.33189 0.14297 0.93199
1642689326.606153488 -0.07489 -0.63351 0.07993 0.02935 0.32977 0.14974 0.93165
1642689326.706157446 -0.07438 -0.63587 0.07853 0.03282 0.32624 0.15660 0.93165
1642689326.806160450 -0.07461 -0.63877 0.07708 0.03721 0.32202 0.16440 0.93161
1642689326.906162500 -0.07741 -0.64386 0.07764 0.04210 0.31811 0.17122 0.93151
1642689327.006164551 -0.08011 -0.65216 0.07814 0.04815 0.31483 0.17696 0.93126
1642689327.106166363 -0.08086 -0.65686 0.07700 0.05447 0.31119 0.18104 0.93135
1642689327.206169367 -0.08049 -0.65353 0.07486 0.06019 0.30797 0.18359 0.93157
1642689327.306171417 -0.08240 -0.65719 0.07218 0.06865 0.30534 0.18406 0.93176
1642689327.406173468 -0.08695 -0.66391 0.07180 0.07709 0.30310 0.18005 0.93261
1642689327.506176472 -0.08283 -0.67311 0.06793 0.08285 0.29752 0.17827 0.93426
1642689327.606178522 -0.09392 -0.67365 0.06033 0.09568 0.29058 0.17603 0.93564
1642689327.706180573 -0.10674 -0.67210 0.05509 0.10828 0.28341 0.17439 0.93677
1642689327.806182384 -0.09517 -0.68793 0.06609 0.11948 0.28246 0.17752 0.93511
1642689327.906185389 -0.09459 -0.69212 0.06413 0.12986 0.27690 0.17452 0.93595
1642689328.006187439 -0.11481 -0.68363 0.06064 0.13477 0.26876 0.15990 0.94023
1642689328.106189489 -0.11054 -0.66634 0.06712 0.13769 0.26695 0.14696 0.94244
1642689328.206192493 -0.11024 -0.67423 0.06953 0.14434 0.26476 0.13993 0.94313
1642689328.306194544 -0.11822 -0.67589 0.06550 0.14920 0.25922 0.12989 0.94534
1642689328.406196594 -0.12138 -0.67784 0.07121 0.15331 0.25752 0.11706 0.94682
1642689328.506199360 -0.12058 -0.68222 0.07079 0.15765 0.25516 0.10396 0.94828
1642689328.606201410 -0.12649 -0.68746 0.07323 0.16137 0.25365 0.08973 0.94951
1642689328.706203461 -0.13738 -0.68667 0.07388 0.16637 0.25199 0.07293 0.95053
1642689328.806205511 -0.13726 -0.69508 0.07650 0.16812 0.25286 0.06062 0.95086
1642689328.906208515 -0.13890 -0.70312 0.07522 0.16789 0.25178 0.04748 0.95193
1642689329.006210566 -0.14130 -0.71750 0.07299 0.16945 0.25051 0.03742 0.95244
1642689329.106212378 -0.14534 -0.71447 0.07846 0.17007 0.25033 0.02484 0.95278
