1518195759.475062370 0.03791 -0.00473 -0.01783 -0.80764 0.00672 -0.01848 0.58935
1518195759.510061264 0.03928 -0.00513 -0.02488 -0.81186 0.00489 -0.01882 0.58353
1518195759.540060282 0.03927 -0.00624 -0.03111 -0.81323 0.00253 -0.01934 0.58162
1518195759.575055361 0.03732 -0.00746 -0.03718 -0.81413 -0.00133 -0.02082 0.58031
1518195759.605062246 0.03342 -0.00842 -0.04266 -0.81513 -0.00521 -0.02330 0.57878
1518195759.640065432 0.02856 -0.00972 -0.04846 -0.81644 -0.00899 -0.02522 0.57681
1518195759.675066233 0.02265 -0.01056 -0.05452 -0.81876 -0.01302 -0.02728 0.57334
1518195759.710058212 0.01583 -0.01131 -0.05997 -0.82156 -0.01701 -0.02926 0.56912
1518195759.740067244 0.00885 -0.01309 -0.06449 -0.82177 -0.01973 -0.02996 0.56869
1518195759.775065422 0.00179 -0.01445 -0.06871 -0.82387 -0.02301 -0.02973 0.56553
1518195759.810052395 -0.00554 -0.01577 -0.07236 -0.82520 -0.02588 -0.02789 0.56356
1518195759.840065241 -0.01206 -0.01710 -0.07482 -0.82606 -0.02829 -0.02477 0.56233
1518195759.875071287 -0.02030 -0.01750 -0.07668 -0.82730 -0.03100 -0.02181 0.56048
1518195759.910069227 -0.02839 -0.01848 -0.07784 -0.82758 -0.03421 -0.01845 0.56001
1518195759.940070391 -0.03567 -0.01929 -0.07877 -0.82720 -0.03723 -0.01577 0.56045
1518195759.975068331 -0.04462 -0.01984 -0.07868 -0.82688 -0.04046 -0.01255 0.56078
1518195760.010059357 -0.05276 -0.01997 -0.07699 -0.82653 -0.04221 -0.00682 0.56126
1518195760.040074348 -0.06076 -0.01977 -0.07446 -0.82629 -0.04427 -0.00290 0.56149
1518195760.075075388 -0.06927 -0.01849 -0.07002 -0.82689 -0.04640 0.00148 0.56045
1518195760.110064268 -0.07812 -0.01797 -0.06363 -0.82807 -0.04851 0.00529 0.55850
1518195760.140073299 -0.08472 -0.01674 -0.05659 -0.82921 -0.04958 0.00911 0.55666
1518195760.175076246 -0.09090 -0.01530 -0.04933 -0.83055 -0.04970 0.01421 0.55455
1518195760.210072279 -0.09711 -0.01288 -0.03959 -0.83440 -0.04903 0.01966 0.54863
1518195760.240077257 -0.10126 -0.00736 -0.02901 -0.84626 -0.04670 0.02573 0.53009
1518195760.275064230 -0.10296 -0.00056 -0.01658 -0.85998 -0.04526 0.03048 0.50740
1518195760.310075283 -0.10420 0.00640 -0.00490 0.86781 0.04661 -0.02935 -0.49383
1518195760.340034246 -0.10441 0.01116 0.00333 0.86789 0.04938 -0.02551 -0.49365
1518195760.375081301 -0.10532 0.01736 0.01383 0.86786 0.05026 -0.02254 -0.49375
1518195760.405077219 -0.10333 0.02282 0.02326 0.86850 0.04971 -0.02287 -0.49266
1518195760.440084219 -0.10004 0.02835 0.03287 0.86710 0.04800 -0.02420 -0.49522
1518195760.475077391 -0.09603 0.03338 0.04154 0.86527 0.04575 -0.02571 -0.49855
1518195760.510085344 -0.08969 0.03822 0.04937 -0.86420 -0.04250 0.02811 0.50057
1518195760.540076256 -0.08413 0.04282 0.05525 -0.86372 -0.04017 0.02812 0.50158
1518195760.575086355 -0.07756 0.04737 0.06001 -0.86175 -0.03865 0.02531 0.50522
1518195760.610088348 -0.06947 0.05091 0.06397 -0.86091 -0.03577 0.02380 0.50694
1518195760.640088320 -0.06238 0.05407 0.06708 -0.86103 -0.03330 0.02135 0.50701
1518195760.675088406 -0.05306 0.05661 0.06866 -0.86096 -0.03035 0.01850 0.50744
1518195760.710085392 -0.04323 0.05914 0.06928 -0.86141 -0.02859 0.01534 0.50688
1518195760.740091324 -0.03499 0.06182 0.06910 -0.86210 -0.02851 0.01090 0.50582
1518195760.775084257 -0.02425 0.06263 0.06712 -0.86260 -0.02787 0.00822 0.50505
1518195760.810089350 -0.01599 0.06329 0.06529 -0.86368 -0.02745 0.00488 0.50327
1518195760.840092421 -0.00763 0.06309 0.06220 -0.86449 -0.02720 0.00215 0.50191
1518195760.875093222 -0.00022 0.06185 0.05833 -0.86542 -0.02796 -0.00162 0.50026
1518195760.910089254 0.00656 0.06007 0.05209 0.86551 0.02968 0.00696 -0.49995
1518195760.940089226 0.01156 0.05821 0.04636 0.86602 0.03099 0.01137 -0.49893
1518195760.975096226 0.01743 0.05634 0.03992 0.86706 0.03293 0.01499 -0.49689
1518195761.005096436 0.02150 0.05346 0.03367 0.86793 0.03427 0.01786 -0.49519
1518195761.040090322 0.02549 0.04920 0.02681 0.86899 0.03529 0.02057 -0.49314
1518195761.075098276 0.02841 0.04476 0.01950 0.87031 0.03640 0.02321 -0.49060
1518195761.110099316 0.03053 0.03984 0.01203 0.87149 0.03805 0.02578 -0.48826
1518195761.140100241 0.03264 0.03613 0.00345 0.87170 0.03914 0.02636 -0.48775
1518195761.175093412 0.03292 0.03060 -0.00553 0.87253 0.04094 0.02866 -0.48599
1518195761.210095406 0.03184 0.02665 -0.01550 0.87326 0.04217 0.02891 -0.48457
1518195761.240097284 0.03002 0.02278 -0.02427 0.87383 0.04360 0.02904 -0.48339
1518195761.275101423 0.02680 0.01951 -0.03359 0.87501 0.04541 0.02910 -0.48110
1518195761.310099363 0.02218 0.01686 -0.04286 0.87588 0.04731 0.02833 -0.47936
1518195761.340101242 0.01704 0.01461 -0.05001 0.87672 0.04923 0.02711 -0.47771
1518195761.375095367 0.01001 0.01241 -0.05712 0.87780 0.05194 0.02548 -0.47551
1518195761.410106421 0.00082 0.01004 -0.06384 0.87850 0.05443 0.02329 -0.47405
1518195761.440098286 -0.00676 0.00803 -0.06869 0.87845 0.05688 0.01946 -0.47403
1518195761.475106239 -0.01729 0.00634 -0.07187 0.87889 0.06009 0.01650 -0.47293
1518195761.510099411 -0.02803 0.00528 -0.07361 0.87909 0.06345 0.01269 -0.47224
1518195761.540107250 -0.03883 0.00503 -0.07447 0.87887 0.06556 0.00825 -0.47246
1518195761.575107336 -0.04885 0.00372 -0.07311 0.87815 0.06885 0.00269 -0.47340
1518195761.610106230 -0.06084 0.00292 -0.07087 0.87689 0.07108 -0.00226 -0.47540
1518195761.640097380 -0.07055 0.00335 -0.06769 0.87579 0.07282 -0.00645 -0.47712
1518195761.675111294 -0.08062 0.00411 -0.06258 0.87461 0.07457 -0.01202 -0.47891
1518195761.710112333 -0.08942 0.00551 -0.05509 0.87385 0.07669 -0.01740 -0.47979
1518195761.740112305 -0.09770 0.00692 -0.04733 0.87294 0.07775 -0.02116 -0.48112
1518195761.775110245 -0.10619 0.00981 -0.03780 0.87164 0.07796 -0.02576 -0.48321
1518195761.805118322 -0.11241 0.01319 -0.02914 0.87073 0.07793 -0.02832 -0.48472
1518195761.840116262 -0.11905 0.01774 -0.01799 0.86986 0.07725 -0.03050 -0.48626
1518195761.875116348 -0.12297 0.02235 -0.00652 0.86938 0.07556 -0.03449 -0.48711
1518195761.910118341 -0.12523 0.02686 0.00502 0.86870 0.07319 -0.03938 -0.48832
1518195761.940118313 -0.12632 0.03096 0.01480 0.86751 0.07148 -0.04233 -0.49043
1518195761.975117207 -0.12606 0.03561 0.02584 0.86606 0.06910 -0.04583 -0.49302
1518195762.010114431 -0.12394 0.04039 0.03640 0.86504 0.06706 -0.04839 -0.49484
1518195762.040121317 -0.12167 0.04434 0.04481 0.86366 0.06609 -0.04926 -0.49729
1518195762.075121403 -0.11780 0.04821 0.05394 -0.86206 -0.06424 0.05082 0.50014
1518195762.110122204 -0.11241 0.05142 0.06277 -0.86039 -0.06179 0.05297 0.50310
1518195762.140107393 -0.10829 0.05437 0.06915 -0.85864 -0.06075 0.05173 0.50633
1518195762.175121307 -0.10185 0.05753 0.07608 -0.85755 -0.05883 0.05050 0.50853
1518195762.205124378 -0.09587 0.05952 0.08111 -0.85653 -0.05675 0.04911 0.51061
1518195762.240115404 -0.08812 0.06261 0.08599 -0.85598 -0.05512 0.04617 0.51198
1518195762.275125265 -0.07927 0.06436 0.08911 -0.85559 -0.05266 0.04349 0.51313
1518195762.310103416 -0.07006 0.06605 0.09140 -0.85539 -0.05001 0.03993 0.51401
1518195762.340125322 -0.06191 0.06791 0.09293 -0.85591 -0.04744 0.03632 0.51366
1518195762.375128269 -0.05135 0.06922 0.09298 -0.85680 -0.04350 0.03196 0.51282
1518195762.410129309 -0.04038 0.07002 0.09215 -0.85826 -0.03919 0.02776 0.51097
1518195762.440129280 -0.03099 0.07009 0.09068 -0.85970 -0.03506 0.02373 0.50904
1518195762.475131273 -0.02110 0.07028 0.08789 -0.86157 -0.03093 0.01815 0.50637
1518195762.510124207 -0.01239 0.07086 0.08358 -0.86363 -0.02804 0.01090 0.50324
1518195762.540130377 -0.00557 0.07124 0.07940 0.86566 0.02575 -0.00468 -0.49994
1518195762.575133324 0.00129 0.07024 0.07348 0.86770 0.02363 0.00198 -0.49652
1518195762.610134363 0.00699 0.06874 0.06672 0.86974 0.02200 0.00827 -0.49295
1518195762.640131235 0.01033 0.06744 0.06002 0.87146 0.02101 0.01431 -0.48981
1518195762.675124407 0.01265 0.06545 0.05186 0.87326 0.01978 0.02017 -0.48643
1518195762.710128307 0.01410 0.06317 0.04396 0.87495 0.01841 0.02523 -0.48320
1518195762.740129232 0.01399 0.06023 0.03747 0.87625 0.01767 0.02923 -0.48065
1518195762.775132418 0.01235 0.05734 0.03019 0.87793 0.01729 0.03206 -0.47741
1518195762.810138226 0.00967 0.05414 0.02360 0.87929 0.01739 0.03366 -0.47477
1518195762.840139389 0.00542 0.05242 0.01772 0.88077 0.01648 0.03237 -0.47215
1518195762.875140429 -0.00053 0.05116 0.01196 0.88259 0.01517 0.02910 -0.46899
1518195762.910141230 -0.00853 0.05079 0.00656 0.88448 0.01377 0.02516 -0.46569
1518195762.940141201 -0.01743 0.05112 0.00204 0.88644 0.01257 0.02162 -0.46216
1518195762.975140333 -0.02804 0.05119 -0.00175 0.88821 0.01179 0.01892 -0.45890
1518195763.010137320 -0.03955 0.05171 -0.00456 0.88984 0.01052 0.01606 -0.45588
1518195763.040135384 -0.05036 0.05224 -0.00686 0.89106 0.00913 0.01434 -0.45358
1518195763.075143337 -0.06209 0.05375 -0.00802 0.89181 0.00689 0.01108 -0.45223
1518195763.110141277 -0.07401 0.05506 -0.00896 0.89204 0.00443 0.00874 -0.45185
1518195763.140145302 -0.08501 0.05735 -0.00929 0.89243 0.00083 0.00686 -0.45114
1518195763.175147295 -0.09653 0.05948 -0.00887 0.89221 -0.00275 0.00613 -0.45156
1518195763.210147381 -0.10833 0.06268 -0.00747 0.89233 -0.00716 0.00514 -0.45130
1518195763.240144253 -0.11574 0.06496 -0.00578 0.89158 -0.01040 0.00309 -0.45274
1518195763.275149345 -0.12721 0.06898 -0.00421 0.89137 -0.01550 0.00328 -0.45299
1518195763.310149431 -0.13858 0.07384 -0.00215 0.89138 -0.02116 0.00497 -0.45273
1518195763.340128422 -0.14650 0.07734 0.00056 0.89133 -0.02556 0.00671 -0.45259
1518195763.375147343 -0.15652 0.08320 0.00375 0.89131 -0.03078 0.00867 -0.45227
1518195763.410144329 -0.16485 0.09005 0.00848 0.89155 -0.03577 0.00981 -0.45141
1518195763.440148354 -0.17145 0.09574 0.01210 0.89134 -0.03961 0.01075 -0.45147
1518195763.475152254 -0.17961 0.10252 0.01630 0.89099 -0.04325 0.01249 -0.45178
1518195763.510152340 -0.18732 0.10845 0.02050 0.89035 -0.04616 0.01474 -0.45269
1518195763.540155411 -0.19413 0.11437 0.02447 0.89001 -0.04831 0.01588 -0.45309
1518195763.575154305 -0.20097 0.12078 0.02925 0.88947 -0.05077 0.01665 -0.45387
1518195763.610153437 -0.20658 0.12669 0.03414 0.88865 -0.05211 0.01702 -0.45529
1518195763.640157223 -0.21004 0.13220 0.03858 0.88748 -0.05348 0.01603 -0.45746
1518195763.675153255 -0.21285 0.13834 0.04422 0.88637 -0.05540 0.01492 -0.45941
1518195763.710156202 -0.21461 0.14452 0.04906 0.88469 -0.05748 0.01421 -0.46240
1518195763.740143299 -0.21563 0.15034 0.05397 0.88370 -0.06017 0.01427 -0.46394
1518195763.775159359 -0.21613 0.15627 0.05914 0.88219 -0.06364 0.01590 -0.46631
1518195763.810161352 -0.21570 0.16156 0.06419 0.88050 -0.06750 0.01882 -0.46884
1518195763.840160370 -0.21506 0.16607 0.06810 0.87906 -0.07168 0.02194 -0.47078
1518195763.875162363 -0.21340 0.17030 0.07199 0.87708 -0.07684 0.02596 -0.47344
1518195763.905160427 -0.21086 0.17285 0.07523 0.87498 -0.08168 0.02943 -0.47631
1518195763.940162420 -0.20740 0.17587 0.07837 0.87276 -0.08771 0.03330 -0.47905
1518195763.975164413 -0.20356 0.17769 0.08013 0.87030 -0.09345 0.03713 -0.48215
1518195764.010166407 -0.19945 0.17901 0.08127 0.86824 -0.09878 0.04085 -0.48449
1518195764.040166378 -0.19459 0.17822 0.08124 0.86609 -0.10381 0.04376 -0.48702
1518195764.075167418 -0.19098 0.17905 0.08019 0.86478 -0.10885 0.04774 -0.48788
1518195764.110167265 -0.18732 0.17915 0.07808 0.86373 -0.11357 0.05166 -0.48827
1518195764.140168428 -0.18407 0.17901 0.07606 0.86322 -0.11729 0.05502 -0.48792
1518195764.175166368 -0.18178 0.17858 0.07206 0.86312 -0.12066 0.05930 -0.48678
1518195764.210170269 -0.18050 0.17758 0.06722 0.86335 -0.12298 0.06376 -0.48522
1518195764.240170240 -0.17916 0.17565 0.06266 0.86353 -0.12386 0.06691 -0.48424
1518195764.275172234 -0.17898 0.17420 0.05620 0.86404 -0.12385 0.06830 -0.48314
1518195764.310173273 -0.17941 0.17112 0.05039 0.86461 -0.12227 0.06874 -0.48247
1518195764.340171337 -0.18133 0.16829 0.04501 0.86531 -0.12067 0.06845 -0.48166
1518195764.375173330 -0.18406 0.16589 0.03897 0.86656 -0.11876 0.06664 -0.48014
1518195764.405183315 -0.18804 0.16318 0.03325 0.86765 -0.11709 0.06551 -0.47874
1518195764.440176249 -0.19303 0.16132 0.02771 0.86942 -0.11524 0.06324 -0.47627
1518195764.475176334 -0.19857 0.15879 0.02301 0.87098 -0.11342 0.06044 -0.47422
1518195764.510176420 -0.20399 0.15694 0.01824 0.87273 -0.11171 0.05702 -0.47182
1518195764.540171385 -0.20913 0.15539 0.01490 0.87432 -0.11005 0.05405 -0.46960
1518195764.575177431 -0.21575 0.15407 0.01158 0.87613 -0.10807 0.05038 -0.46710
1518195764.610178232 -0.22380 0.15401 0.00818 0.87796 -0.10575 0.04614 -0.46463
1518195764.640179396 -0.23192 0.15386 0.00560 0.87942 -0.10313 0.04316 -0.46273
1518195764.675179243 -0.24110 0.15439 0.00364 0.88049 -0.09976 0.03951 -0.46176
1518195764.710179329 -0.25071 0.15513 0.00235 0.88113 -0.09614 0.03618 -0.46159
1518195764.740182400 -0.25923 0.15624 0.00155 0.88153 -0.09219 0.03327 -0.46184
1518195764.775183201 -0.26929 0.15831 0.00141 0.88208 -0.08764 0.03000 -0.46191
1518195764.810184240 -0.27977 0.16185 0.00205 0.88279 -0.08343 0.02682 -0.46152
1518195764.840185404 -0.28856 0.16490 0.00291 0.88340 -0.07988 0.02422 -0.46112
1518195764.875181437 -0.29797 0.16909 0.00469 0.88401 -0.07624 0.02035 -0.46076
1518195764.910184383 -0.30666 0.17398 0.00703 0.88457 -0.07214 0.01543 -0.46053
1518195764.940185308 -0.31338 0.17844 0.00977 0.88502 -0.06849 0.01084 -0.46036
1518195764.975186348 -0.32094 0.18382 0.01310 0.88523 -0.06517 0.00761 -0.46050
1518195765.010188341 -0.32766 0.18989 0.01701 0.88506 -0.06327 0.00687 -0.46110
1518195765.040189266 -0.33203 0.19451 0.02196 0.88451 -0.06243 0.00683 -0.46228
1518195765.075189352 -0.33572 0.19971 0.02835 0.88363 -0.06232 0.00654 -0.46398
1518195765.105188370 -0.33708 0.20391 0.03500 0.88252 -0.06187 0.00517 -0.46616
1518195765.140192270 -0.33842 0.20956 0.04214 0.88100 -0.06165 0.00469 -0.46907
1518195765.175191402 -0.33799 0.21488 0.04951 0.87945 -0.06250 0.00568 -0.47183
1518195765.210193396 -0.33617 0.21963 0.05700 0.87742 -0.06400 0.00719 -0.47539
1518195765.240193367 -0.33417 0.22403 0.06316 0.87574 -0.06532 0.00860 -0.47826
1518195765.275194407 -0.33027 0.22720 0.06938 0.87354 -0.06686 0.00952 -0.48204
1518195765.310195208 -0.32656 0.23136 0.07581 0.87185 -0.06924 0.01202 -0.48471
1518195765.340195417 -0.32180 0.23317 0.08096 0.87026 -0.07140 0.01450 -0.48718
1518195765.375197411 -0.31702 0.23521 0.08519 0.86831 -0.07470 0.01986 -0.48996
1518195765.405192375 -0.31138 0.23594 0.08837 0.86679 -0.07859 0.02433 -0.49185
1518195765.440198421 -0.30421 0.23581 0.09093 0.86515 -0.08306 0.02959 -0.49371
1518195765.475196362 -0.29632 0.23530 0.09234 0.86390 -0.08776 0.03472 -0.49474
1518195765.510198355 -0.28850 0.23490 0.09276 0.86312 -0.09193 0.04013 -0.49493
1518195765.540190220 -0.28119 0.23342 0.09221 0.86273 -0.09568 0.04409 -0.49456
1518195765.575199366 -0.27364 0.23093 0.09021 0.86254 -0.09982 0.04935 -0.49359
1518195765.610199213 -0.26623 0.22773 0.08709 0.86272 -0.10430 0.05412 -0.49184
1518195765.640203238 -0.26061 0.22483 0.08376 0.86317 -0.10811 0.05817 -0.48977
1518195765.675199270 -0.25524 0.22096 0.07900 0.86391 -0.11220 0.06288 -0.48695
1518195765.710204363 -0.25096 0.21613 0.07313 0.86481 -0.11560 0.06723 -0.48396
1518195765.740204334 -0.24825 0.21203 0.06753 0.86572 -0.11852 0.07064 -0.48114
1518195765.775206327 -0.24601 0.20704 0.06100 0.86696 -0.12137 0.07424 -0.47763
1518195765.810207367 -0.24457 0.20202 0.05384 0.86835 -0.12400 0.07687 -0.47401
1518195765.840208292 -0.24418 0.19888 0.04716 0.86962 -0.12618 0.07792 -0.47092
1518195765.875207424 -0.24465 0.19529 0.03905 0.87128 -0.12809 0.07830 -0.46727
1518195765.910209417 -0.24638 0.19160 0.03093 0.87285 -0.12941 0.07791 -0.46402
1518195765.940210342 -0.24887 0.18889 0.02341 0.87413 -0.13056 0.07711 -0.46141
1518195765.975211382 -0.25265 0.18581 0.01559 0.87551 -0.13141 0.07578 -0.45878
1518195766.010211229 -0.25749 0.18352 0.00795 0.87691 -0.13179 0.07378 -0.45632
1518195766.040212393 -0.26299 0.18223 0.00137 0.87807 -0.13211 0.07199 -0.45427
1518195766.075212240 -0.26962 0.18126 -0.00484 0.87933 -0.13211 0.06907 -0.45229
1518195766.110212326 -0.27669 0.18105 -0.01055 0.88051 -0.13137 0.06507 -0.45078
1518195766.140214205 -0.28296 0.18096 -0.01494 0.88125 -0.12950 0.06147 -0.45038
1518195766.175213337 -0.29167 0.18150 -0.01838 0.88215 -0.12769 0.05754 -0.44967
1518195766.210214376 -0.30096 0.18190 -0.02157 0.88271 -0.12495 0.05390 -0.44978
1518195766.240217209 -0.30893 0.18378 -0.02339 0.88318 -0.12282 0.05070 -0.44982
1518195766.275211334 -0.31855 0.18627 -0.02444 0.88377 -0.11988 0.04788 -0.44976
1518195766.305213213 -0.32740 0.18835 -0.02477 0.88426 -0.11695 0.04581 -0.44979
1518195766.340217352 -0.33783 0.19197 -0.02459 0.88475 -0.11379 0.04360 -0.44985
1518195766.375218391 -0.34825 0.19647 -0.02339 0.88548 -0.10995 0.04092 -0.44963
1518195766.410220385 -0.35859 0.20142 -0.02159 0.88611 -0.10614 0.03799 -0.44956
1518195766.440221310 -0.36691 0.20665 -0.01828 0.88695 -0.10247 0.03510 -0.44899
1518195766.475222349 -0.37524 0.21328 -0.01426 0.88756 -0.09855 0.03162 -0.44891
1518195766.510223389 -0.38319 0.22027 -0.01005 0.88778 -0.09480 0.02942 -0.44943
1518195766.540224314 -0.38877 0.22659 -0.00570 0.88774 -0.09180 0.02769 -0.45024
1518195766.575224400 -0.39431 0.23386 0.00042 0.88764 -0.08830 0.02601 -0.45125
1518195766.610225201 -0.39875 0.24122 0.00700 0.88734 -0.08519 0.02457 -0.45251
1518195766.640226364 -0.40154 0.24743 0.01263 0.88680 -0.08266 0.02334 -0.45411
1518195766.675227404 -0.40311 0.25410 0.01936 0.88584 -0.08028 0.02201 -0.45647
1518195766.710221291 -0.40526 0.26138 0.02658 0.88494 -0.07853 0.02199 -0.45851
1518195766.740228415 -0.40497 0.26689 0.03343 0.88391 -0.07703 0.02165 -0.46077
1518195766.775229216 -0.40419 0.27291 0.04139 0.88242 -0.07660 0.02180 -0.46368
1518195766.810225248 -0.40219 0.27760 0.04926 0.88073 -0.07691 0.02206 -0.46680
1518195766.840230227 -0.39956 0.28154 0.05603 0.87927 -0.07805 0.02281 -0.46933
1518195766.875231266 -0.39580 0.28498 0.06397 0.87757 -0.07921 0.02391 -0.47226
1518195766.910231352 -0.39184 0.28803 0.07156 0.87578 -0.08114 0.02547 -0.47515
1518195766.940231323 -0.38729 0.29030 0.07679 0.87442 -0.08360 0.02765 -0.47711
1518195766.975232363 -0.38132 0.29186 0.08243 0.87279 -0.08723 0.03066 -0.47925
1518195767.010234356 -0.37492 0.29312 0.08691 0.87132 -0.09099 0.03456 -0.48097
1518195767.040227413 -0.36828 0.29308 0.09057 0.87028 -0.09431 0.03731 -0.48201
1518195767.075236320 -0.36053 0.29223 0.09360 0.86911 -0.09821 0.04123 -0.48301
1518195767.110229254 -0.35249 0.29041 0.09589 0.86814 -0.10209 0.04543 -0.48359
1518195767.140237331 -0.34529 0.28879 0.09655 0.86749 -0.10563 0.04924 -0.48361
1518195767.175237417 -0.33742 0.28633 0.09656 0.86714 -0.10898 0.05352 -0.48304
1518195767.210235357 -0.32936 0.28362 0.09508 0.86696 -0.11210 0.05792 -0.48215
1518195767.240217209 -0.32266 0.28026 0.09286 0.86684 -0.11473 0.06160 -0.48128
1518195767.275238276 -0.31628 0.27506 0.08943 0.86668 -0.11755 0.06624 -0.48027
1518195767.310239315 -0.30990 0.27015 0.08502 0.86691 -0.12004 0.07048 -0.47863
1518195767.340229273 -0.30504 0.26527 0.08076 0.86723 -0.12203 0.07390 -0.47703
1518195767.375243425 -0.30024 0.25989 0.07580 0.86808 -0.12432 0.07735 -0.47433
1518195767.410243273 -0.29691 0.25399 0.06933 0.86897 -0.12576 0.08076 -0.47175
1518195767.440239429 -0.29512 0.24866 0.06287 0.86965 -0.12719 0.08337 -0.46967
1518195767.475243330 -0.29465 0.24214 0.05508 0.87050 -0.12819 0.08596 -0.46735
1518195767.505255222 -0.29516 0.23689 0.04756 0.87124 -0.12834 0.08755 -0.46563
1518195767.540245295 -0.29643 0.23038 0.03881 0.87192 -0.12820 0.08799 -0.46431
1518195767.575247288 -0.29880 0.22422 0.03040 0.87267 -0.12693 0.08719 -0.46339
1518195767.605248213 -0.30231 0.21893 0.02340 0.87323 -0.12567 0.08633 -0.46284
1518195767.640249252 -0.30751 0.21368 0.01544 0.87398 -0.12395 0.08526 -0.46210
1518195767.675250292 -0.31353 0.20859 0.00794 0.87467 -0.12206 0.08417 -0.46148
1518195767.705260277 -0.32078 0.20540 0.00137 0.87536 -0.12085 0.08363 -0.46059
1518195767.740251303 -0.32921 0.20314 -0.00574 0.87649 -0.11920 0.08151 -0.45926
1518195767.775252342 -0.33842 0.20161 -0.01258 0.87765 -0.11653 0.07852 -0.45825
1518195767.810252428 -0.34841 0.20056 -0.01845 0.87904 -0.11328 0.07471 -0.45703
1518195767.840253353 -0.35768 0.20038 -0.02267 0.88034 -0.11006 0.07131 -0.45586
1518195767.875254393 -0.36826 0.20120 -0.02722 0.88199 -0.10569 0.06686 -0.45437
1518195767.910251379 -0.37937 0.20313 -0.03081 0.88372 -0.10120 0.06268 -0.45262
1518195767.940256357 -0.38957 0.20562 -0.03317 0.88518 -0.09656 0.05837 -0.45137
1518195767.975256205 -0.40169 0.20904 -0.03506 0.88675 -0.09017 0.05306 -0.45025
1518195768.010256290 -0.41410 0.21335 -0.03597 0.88811 -0.08373 0.04886 -0.44929
1518195768.040258408 -0.42467 0.21771 -0.03587 0.88902 -0.07812 0.04582 -0.44882
1518195768.075258255 -0.43623 0.22246 -0.03390 0.88972 -0.07189 0.04172 -0.44887
1518195768.105258226 -0.44526 0.22698 -0.03119 0.89005 -0.06634 0.03745 -0.44945
1518195768.140260220 -0.45584 0.23244 -0.02670 0.89012 -0.06045 0.03327 -0.45046
1518195768.175260305 -0.46512 0.23848 -0.02105 0.88982 -0.05511 0.02950 -0.45200
1518195768.210260391 -0.47324 0.24513 -0.01476 0.88934 -0.05006 0.02648 -0.45372
1518195768.240261316 -0.47883 0.25082 -0.00812 0.88882 -0.04622 0.02382 -0.45530
1518195768.275263309 -0.48458 0.25765 -0.00002 0.88816 -0.04210 0.02132 -0.45711
1518195768.310264349 -0.48909 0.26484 0.00893 0.88737 -0.03842 0.01843 -0.45909
1518195768.340262413 -0.49174 0.27088 0.01678 0.88639 -0.03545 0.01604 -0.46131
1518195768.375265360 -0.49340 0.27701 0.02658 0.88507 -0.03320 0.01326 -0.46409
1518195768.405275345 -0.49373 0.28221 0.03555 0.88390 -0.03163 0.01142 -0.46647
1518195768.440266371 -0.49316 0.28812 0.04587 0.88236 -0.03043 0.00941 -0.46950
1518195768.475268364 -0.49140 0.29331 0.05656 0.88066 -0.03007 0.00754 -0.47274
1518195768.505272388 -0.48922 0.29764 0.06517 0.87905 -0.03099 0.00732 -0.47567
1518195768.540269375 -0.48482 0.30293 0.07512 0.87756 -0.03301 0.00791 -0.47826
1518195768.575269222 -0.47775 0.30728 0.08443 0.87608 -0.03638 0.00833 -0.48072
1518195768.610264301 -0.46995 0.31142 0.09346 0.87457 -0.04015 0.00989 -0.48313
1518195768.640272379 -0.46169 0.31435 0.10045 0.87337 -0.04391 0.01152 -0.48494
1518195768.675272226 -0.45123 0.31660 0.10745 0.87184 -0.04927 0.01396 -0.48710
1518195768.705280304 -0.44080 0.31780 0.11257 0.87060 -0.05451 0.01656 -0.48868
1518195768.740274429 -0.42811 0.31886 0.11773 0.86943 -0.06068 0.02027 -0.48989
1518195768.775273323 -0.41505 0.31910 0.12084 0.86827 -0.06696 0.02481 -0.49092
1518195768.810268402 -0.40187 0.31825 0.12269 0.86724 -0.07325 0.02940 -0.49160
1518195768.840276241 -0.39007 0.31692 0.12326 0.86672 -0.07837 0.03330 -0.49147
1518195768.875275373 -0.37717 0.31479 0.12268 0.86624 -0.08412 0.03863 -0.49097
1518195768.910278320 -0.36494 0.31220 0.12033 0.86612 -0.08937 0.04450 -0.48976
1518195768.940279245 -0.35495 0.30958 0.11706 0.86620 -0.09356 0.04936 -0.48837
1518195768.975276232 -0.34480 0.30520 0.11203 0.86642 -0.09762 0.05460 -0.48662
1518195769.010272264 -0.33624 0.29996 0.10583 0.86678 -0.10078 0.05929 -0.48479
1518195769.040281296 -0.32951 0.29500 0.09983 0.86725 -0.10319 0.06277 -0.48300
1518195769.075280428 -0.32339 0.28911 0.09174 0.86777 -0.10594 0.06676 -0.48093
1518195769.110280275 -0.31866 0.28258 0.08252 0.86846 -0.10859 0.07071 -0.47853
1518195769.140283346 -0.31606 0.27724 0.07489 0.86927 -0.11098 0.07432 -0.47595
1518195769.175283432 -0.31394 0.27155 0.06554 0.87047 -0.11347 0.07800 -0.47258
1518195769.210285425 -0.31285 0.26551 0.05640 0.87154 -0.11607 0.08063 -0.46952
1518195769.240282297 -0.31276 0.26092 0.04834 0.87270 -0.11764 0.08208 -0.46671
1518195769.275286436 -0.31414 0.25617 0.03848 0.87424 -0.11920 0.08245 -0.46335
1518195769.310287237 -0.31683 0.25232 0.02878 0.87605 -0.12013 0.08153 -0.45984
1518195769.340288401 -0.32066 0.24985 0.02068 0.87785 -0.12031 0.08051 -0.45654
1518195769.375286341 -0.32662 0.24692 0.01156 0.87986 -0.12010 0.07870 -0.45301
1518195769.410286427 -0.33368 0.24526 0.00285 0.88201 -0.11982 0.07558 -0.44943
1518195769.440285206 -0.34023 0.24454 -0.00391 0.88397 -0.11905 0.07211 -0.44635
1518195769.475289345 -0.34852 0.24490 -0.01012 0.88611 -0.11828 0.06751 -0.44301
1518195769.510291338 -0.35779 0.24560 -0.01629 0.88790 -0.11693 0.06291 -0.44046
1518195769.540292263 -0.36619 0.24768 -0.02077 0.88935 -0.11615 0.05854 -0.43834
1518195769.575293303 -0.37711 0.25045 -0.02407 0.89096 -0.11491 0.05400 -0.43598
1518195769.610294342 -0.38907 0.25370 -0.02666 0.89233 -0.11356 0.05008 -0.43398
1518195769.640294313 -0.39884 0.25733 -0.02743 0.89353 -0.11228 0.04678 -0.43221
1518195769.675295353 -0.41001 0.26164 -0.02727 0.89452 -0.11151 0.04318 -0.43075
1518195769.710296392 -0.42107 0.26670 -0.02606 0.89531 -0.11111 0.04005 -0.42950
1518195769.740297318 -0.42988 0.27160 -0.02403 0.89576 -0.11108 0.03806 -0.42874
1518195769.775297403 -0.43906 0.27678 -0.02062 0.89581 -0.11130 0.03564 -0.42880
1518195769.810296297 -0.44617 0.28239 -0.01628 0.89572 -0.11209 0.03306 -0.42898
1518195769.840297222 -0.45311 0.28576 -0.01135 0.89493 -0.11362 0.03161 -0.43034
1518195769.875299215 -0.45843 0.29094 -0.00461 0.89419 -0.11600 0.02999 -0.43135
1518195769.910301208 -0.46379 0.29477 0.00147 0.89263 -0.11891 0.02960 -0.43382
1518195769.940298319 -0.46611 0.29905 0.00838 0.89185 -0.12160 0.02903 -0.43470
1518195769.975301266 -0.46951 0.30316 0.01511 0.89048 -0.12564 0.03027 -0.43628
1518195770.005313396 -0.46934 0.30561 0.02268 0.88955 -0.12903 0.03037 -0.43718
1518195770.040304422 -0.46925 0.30877 0.03058 0.88813 -0.13372 0.03064 -0.43864
1518195770.075303316 -0.46765 0.31138 0.03773 0.88647 -0.13739 0.03071 -0.44085
1518195770.110304356 -0.46474 0.31327 0.04442 0.88466 -0.14103 0.03106 -0.44332
1518195770.140306234 -0.46298 0.31409 0.05024 0.88291 -0.14435 0.03206 -0.44565
1518195770.175307274 -0.45964 0.31435 0.05617 0.88080 -0.14702 0.03303 -0.44886
1518195770.210306406 -0.45778 0.31395 0.06180 0.87859 -0.15008 0.03522 -0.45201
1518195770.240308285 -0.45391 0.31246 0.06615 0.87649 -0.15287 0.03801 -0.45491
1518195770.275307417 -0.44988 0.31121 0.07048 0.87377 -0.15748 0.04390 -0.45805
1518195770.310309410 -0.44389 0.30828 0.07450 0.87065 -0.16210 0.04926 -0.46181
1518195770.340310335 -0.43818 0.30479 0.07738 0.86771 -0.16553 0.05245 -0.46576
1518195770.375309229 -0.43204 0.30013 0.07984 0.86419 -0.16871 0.05518 -0.47082
1518195770.410312414 -0.42677 0.29609 0.08096 0.86095 -0.17229 0.05894 -0.47499
1518195770.440312386 -0.42366 0.29247 0.08114 0.85849 -0.17573 0.06361 -0.47756
1518195770.475313425 -0.41961 0.28915 0.07996 0.85631 -0.17984 0.06885 -0.47923
1518195770.510300398 -0.41634 0.28662 0.07819 0.85492 -0.18418 0.07433 -0.47923
1518195770.540307283 -0.41500 0.28534 0.07465 0.85411 -0.18782 0.08024 -0.47831
1518195770.575316429 -0.41347 0.28443 0.06974 0.85378 -0.19220 0.08577 -0.47620
1518195770.610315323 -0.41308 0.28377 0.06386 0.85389 -0.19530 0.09019 -0.47392
1518195770.640317202 -0.41386 0.28265 0.05760 0.85396 -0.19739 0.09271 -0.47243
1518195770.675316334 -0.41535 0.28369 0.05003 0.85503 -0.19891 0.09364 -0.46968
1518195770.710317373 -0.41877 0.28457 0.04107 0.85604 -0.20054 0.09506 -0.46684
1518195770.740320206 -0.42242 0.28738 0.03341 0.85722 -0.20270 0.09660 -0.46342
1518195770.775321245 -0.42695 0.28940 0.02434 0.85773 -0.20530 0.09814 -0.46100
1518195770.805319309 -0.43115 0.29206 0.01693 0.85834 -0.20749 0.09821 -0.45887
1518195770.840322256 -0.43681 0.29511 0.00693 0.85857 -0.20945 0.09725 -0.45776
1518195770.875321388 -0.44252 0.29886 -0.00092 0.85922 -0.21106 0.09527 -0.45620
1518195770.905333281 -0.44819 0.30308 -0.00861 0.85944 -0.21284 0.09367 -0.45528
1518195770.940319300 -0.45442 0.30838 -0.01526 0.86015 -0.21426 0.09057 -0.45390
1518195770.975323200 -0.42700 0.32024 -0.03416 0.85709 -0.21776 0.06643 -0.46213
1518195771.010326385 -0.46668 0.32119 -0.02579 0.86138 -0.21662 0.08208 -0.45206
1518195771.040327311 -0.47359 0.32739 -0.02927 0.86229 -0.21657 0.07853 -0.45098
1518195771.075322390 -0.48052 0.33568 -0.03100 0.86313 -0.21637 0.07400 -0.45024
1518195771.110326290 -0.48845 0.34366 -0.03153 0.86374 -0.21586 0.07047 -0.44989
1518195771.140329361 -0.49621 0.35008 -0.03066 0.86420 -0.21460 0.06849 -0.44991
1518195771.175329208 -0.50370 0.35800 -0.02840 0.86430 -0.21353 0.06654 -0.45052
1518195771.210331202 -0.51022 0.36548 -0.02513 0.86414 -0.21212 0.06487 -0.45173
1518195771.240328312 -0.51613 0.37232 -0.02075 0.86397 -0.21102 0.06377 -0.45273
1518195771.275332212 -0.52140 0.37948 -0.01483 0.86355 -0.20969 0.06251 -0.45431
1518195771.305333376 -0.52508 0.38606 -0.00931 0.86329 -0.20854 0.06186 -0.45543
1518195771.340331316 -0.52874 0.39258 -0.00230 0.86273 -0.20701 0.06176 -0.45720
1518195771.375334263 -0.52987 0.39870 0.00549 0.86219 -0.20543 0.06070 -0.45907
1518195771.405344248 -0.53010 0.40358 0.01208 0.86141 -0.20426 0.06004 -0.46114
1518195771.440336227 -0.53028 0.40880 0.02007 0.86046 -0.20315 0.06017 -0.46337
1518195771.475337267 -0.52877 0.41295 0.02794 0.85929 -0.20264 0.06043 -0.46572
1518195771.505346298 -0.52677 0.41640 0.03420 0.85813 -0.20221 0.06132 -0.46794
1518195771.540335417 -0.52355 0.42011 0.04190 0.85702 -0.20271 0.06258 -0.46958
1518195771.575339317 -0.51921 0.42190 0.04842 0.85537 -0.20367 0.06418 -0.47195
1518195771.610338211 -0.51356 0.42332 0.05513 0.85361 -0.20560 0.06630 -0.47401
1518195771.640337229 -0.50778 0.42376 0.06055 0.85177 -0.20798 0.06902 -0.47588
1518195771.675341368 -0.50027 0.42416 0.06618 0.84967 -0.21145 0.07299 -0.47751
1518195771.710340261 -0.49218 0.42333 0.07132 0.84732 -0.21545 0.07752 -0.47918
1518195771.740342379 -0.48496 0.42203 0.07512 0.84509 -0.21949 0.08215 -0.48052
1518195771.775343418 -0.47589 0.42046 0.07833 0.84278 -0.22393 0.08759 -0.48157
1518195771.810342312 -0.46648 0.41805 0.08058 0.84053 -0.22873 0.09329 -0.48218
1518195771.840344429 -0.45826 0.41543 0.08098 0.83864 -0.23301 0.09851 -0.48238
1518195771.875343323 -0.45012 0.41223 0.08084 0.83667 -0.23786 0.10495 -0.48207
1518195771.910347223 -0.44286 0.40896 0.07926 0.83490 -0.24289 0.11111 -0.48126
1518195771.940347433 -0.43712 0.40593 0.07675 0.83372 -0.24656 0.11594 -0.48030
1518195771.975341320 -0.43227 0.40162 0.07354 0.83255 -0.25016 0.12109 -0.47918
1518195772.010348320 -0.42840 0.39751 0.06904 0.83189 -0.25353 0.12549 -0.47743
1518195772.040345430 -0.42513 0.39396 0.06406 0.83148 -0.25636 0.12866 -0.47578
1518195772.075349331 -0.42345 0.39116 0.05809 0.83182 -0.25898 0.13206 -0.47282
1518195772.105361223 -0.42225 0.38874 0.05206 0.83216 -0.26176 0.13408 -0.47013
1518195772.140350342 -0.42223 0.38631 0.04416 0.83270 -0.26467 0.13614 -0.46693
1518195772.175347328 -0.42256 0.38400 0.03656 0.83343 -0.26731 0.13709 -0.46384
1518195772.210348368 -0.42438 0.38177 0.02851 0.83446 -0.26924 0.13722 -0.46082
1518195772.240353346 -0.42639 0.38016 0.02211 0.83563 -0.27043 0.13609 -0.45834
1518195772.275355339 -0.43010 0.37895 0.01474 0.83690 -0.27199 0.13413 -0.45566
1518195772.310356379 -0.43520 0.37841 0.00765 0.83840 -0.27309 0.13202 -0.45285
1518195772.340351343 -0.44021 0.37864 0.00142 0.84002 -0.27328 0.12963 -0.45042
1518195772.375349283 -0.44630 0.37931 -0.00468 0.84188 -0.27276 0.12581 -0.44835
1518195772.405357361 -0.45163 0.38101 -0.00949 0.84351 -0.27251 0.12129 -0.44668
1518195772.440358400 -0.45895 0.38288 -0.01431 0.84551 -0.27095 0.11623 -0.44518
1518195772.475353241 -0.46621 0.38490 -0.01799 0.84753 -0.26832 0.11057 -0.44437
1518195772.510359287 -0.47373 0.38831 -0.02080 0.84964 -0.26551 0.10485 -0.44342
1518195772.540359259 -0.48046 0.39280 -0.02234 0.85180 -0.26255 0.09935 -0.44231
1518195772.575362206 -0.48842 0.39873 -0.02370 0.85426 -0.25818 0.09363 -0.44137
1518195772.605372429 -0.49523 0.40437 -0.02356 0.85629 -0.25423 0.08908 -0.44067
1518195772.640363216 -0.50353 0.41119 -0.02273 0.85852 -0.24907 0.08445 -0.44020
1518195772.675355434 -0.51086 0.41805 -0.02037 0.86059 -0.24360 0.08045 -0.43996
1518195772.710365295 -0.51747 0.42495 -0.01708 0.86238 -0.23757 0.07669 -0.44044
1518195772.740366220 -0.52205 0.43113 -0.01408 0.86350 -0.23251 0.07386 -0.44142
1518195772.775366306 -0.52615 0.43762 -0.00946 0.86436 -0.22712 0.07089 -0.44303
1518195772.805370331 -0.52871 0.44275 -0.00503 0.86484 -0.22212 0.06848 -0.44500
1518195772.840368271 -0.53098 0.44855 0.00077 0.86532 -0.21611 0.06574 -0.44743
1518195772.875368357 -0.53164 0.45324 0.00755 0.86556 -0.21066 0.06293 -0.44996
1518195772.910368204 -0.53152 0.45810 0.01418 0.86561 -0.20544 0.06104 -0.45254
1518195772.940370321 -0.53089 0.46217 0.01961 0.86543 -0.20079 0.05984 -0.45511
1518195772.975371361 -0.52920 0.46606 0.02653 0.86517 -0.19611 0.05830 -0.45785
1518195773.010372400 -0.52676 0.46931 0.03317 0.86467 -0.19148 0.05706 -0.46090
1518195773.040370226 -0.52328 0.47232 0.03876 0.86439 -0.18793 0.05650 -0.46294
1518195773.075373411 -0.51909 0.47498 0.04408 0.86376 -0.18436 0.05738 -0.46545
1518195773.110374212 -0.51412 0.47651 0.04898 0.86292 -0.18157 0.05903 -0.46789
1518195773.140373230 -0.50821 0.47668 0.05383 0.86206 -0.17973 0.05953 -0.47010
1518195773.175358295 -0.50131 0.47583 0.05927 0.86109 -0.17719 0.05982 -0.47282
1518195773.210374355 -0.49373 0.47484 0.06404 0.86037 -0.17538 0.06049 -0.47470
1518195773.240376234 -0.48639 0.47326 0.06785 0.85966 -0.17426 0.06104 -0.47633
1518195773.275378227 -0.47678 0.47069 0.07201 0.85907 -0.17312 0.06106 -0.47781
1518195773.305387259 -0.46873 0.46809 0.07577 0.85851 -0.17214 0.06099 -0.47917
1518195773.340352297 -0.45885 0.46471 0.07961 0.85828 -0.17077 0.06055 -0.48014
1518195773.375373363 -0.44896 0.46078 0.08290 0.85815 -0.16884 0.05994 -0.48112
1518195773.410343409 -0.43913 0.45568 0.08549 0.85801 -0.16633 0.05921 -0.48234
1518195773.440369368 -0.43048 0.45016 0.08780 0.85793 -0.16374 0.05798 -0.48351
1518195773.475382328 -0.42005 0.44356 0.08984 0.85823 -0.15980 0.05571 -0.48456
1518195773.510383368 -0.40959 0.43695 0.09192 0.85892 -0.15523 0.05300 -0.48513
1518195773.540382385 -0.40096 0.43134 0.09376 0.85976 -0.15057 0.05024 -0.48540
1518195773.575366259 -0.39057 0.42484 0.09498 0.86119 -0.14450 0.04683 -0.48505
1518195773.610383272 -0.38040 0.41805 0.09572 0.86271 -0.13840 0.04370 -0.48442
1518195773.640386343 -0.37115 0.41242 0.09659 0.86418 -0.13277 0.04052 -0.48365
1518195773.675372362 -0.36090 0.40496 0.09747 0.86561 -0.12629 0.03669 -0.48313
1518195773.710386276 -0.35082 0.39790 0.09802 0.86713 -0.11971 0.03332 -0.48233
1518195773.740387201 -0.34152 0.39229 0.09878 0.86875 -0.11443 0.03065 -0.48087
1518195773.775388241 -0.33093 0.38621 0.09910 0.87062 -0.10786 0.02767 -0.47919
1518195773.810385227 -0.32004 0.38008 0.09944 0.87257 -0.10091 0.02328 -0.47738
1518195773.840390205 -0.31061 0.37432 0.09938 0.87405 -0.09444 0.01884 -0.47620
1518195773.875391245 -0.30071 0.36803 0.09895 0.87568 -0.08686 0.01398 -0.47482
1518195773.905401230 -0.29263 0.36286 0.09837 0.87698 -0.08037 0.00953 -0.47366
1518195773.940391302 -0.28386 0.35780 0.09736 0.87864 -0.07250 0.00448 -0.47192
1518195773.975393295 -0.27595 0.35319 0.09642 0.88004 -0.06517 0.00056 -0.47040
1518195774.010394335 -0.26922 0.34961 0.09479 0.88128 -0.05829 -0.00137 -0.46898
1518195774.040382385 -0.26341 0.34663 0.09375 0.88227 -0.05245 -0.00290 -0.46781
1518195774.075395346 -0.25726 0.34307 0.09138 0.88278 -0.04554 -0.00476 -0.46754
1518195774.110397339 -0.25059 0.34008 0.08847 0.88327 -0.03890 -0.00742 -0.46719
1518195774.140398264 -0.24571 0.33774 0.08596 0.88345 -0.03284 -0.01016 -0.46727
1518195774.175362349 -0.24044 0.33545 0.08323 0.88352 -0.02589 -0.01371 -0.46748
1518195774.205407381 -0.23632 0.33448 0.08083 0.88371 -0.02071 -0.01600 -0.46729
1518195774.240393400 -0.23221 0.33440 0.07811 0.88368 -0.01499 -0.01798 -0.46751
1518195774.275396347 -0.22795 0.33522 0.07581 0.88398 -0.00970 -0.01966 -0.46701
1518195774.310321331 -0.22375 0.33679 0.07328 0.88408 -0.00479 -0.02119 -0.46682
1518195774.340397358 -0.22018 0.33865 0.07104 0.88430 -0.00119 -0.02220 -0.46638
1518195774.375330210 -0.21610 0.34118 0.06888 0.88481 0.00237 -0.02315 -0.46536
1518195774.410360336 -0.21194 0.34389 0.06749 0.88524 0.00598 -0.02534 -0.46440
1518195774.440354347 -0.20852 0.34636 0.06683 0.88553 0.00968 -0.02857 -0.46361
1518195774.475345373 -0.20363 0.35008 0.06648 0.88571 0.01382 -0.03271 -0.46287
1518195774.510406256 -0.19889 0.35403 0.06660 0.88572 0.01775 -0.03604 -0.46247
1518195774.540374279 -0.19521 0.35762 0.06742 0.88554 0.02099 -0.03776 -0.46255
1518195774.575406313 -0.18975 0.36210 0.06923 0.88527 0.02411 -0.03891 -0.46283
1518195774.605415344 -0.18585 0.36616 0.07056 0.88488 0.02645 -0.03849 -0.46348
1518195774.640407324 -0.18150 0.37135 0.07240 0.88450 0.02844 -0.03678 -0.46422
1518195774.675410271 -0.17444 0.37774 0.07440 0.88426 0.03050 -0.03659 -0.46456
1518195774.705419302 -0.16502 0.38353 0.07657 0.88399 0.03268 -0.03891 -0.46473
1518195774.740402222 -0.15484 0.38944 0.07886 0.88350 0.03506 -0.04086 -0.46533
1518195774.775407314 -0.14451 0.39368 0.08101 0.88257 0.03635 -0.04221 -0.46686
1518195774.805422306 -0.13406 0.39746 0.08219 0.88196 0.03714 -0.04309 -0.46788
1518195774.840413332 -0.12212 0.40004 0.08280 0.88096 0.03728 -0.04267 -0.46979
1518195774.875414371 -0.10955 0.40152 0.08188 0.88012 0.03679 -0.04043 -0.47160
1518195774.905424356 -0.09817 0.40179 0.08015 0.87954 0.03573 -0.03810 -0.47295
1518195774.940416336 -0.08474 0.40141 0.07840 0.87913 0.03422 -0.03506 -0.47406
1518195774.975417376 -0.07146 0.39960 0.07534 0.87898 0.03323 -0.03184 -0.47464
1518195775.005427361 -0.05899 0.39644 0.07210 0.87892 0.03233 -0.03004 -0.47492
1518195775.040417433 -0.04605 0.39258 0.06700 0.87925 0.03213 -0.02772 -0.47446
1518195775.075419426 -0.03492 0.38843 0.06104 0.88015 0.03281 -0.02468 -0.47292
1518195775.105429411 -0.02561 0.38422 0.05578 0.88128 0.03307 -0.02276 -0.47089
1518195775.140417337 -0.01680 0.37915 0.04808 0.88255 0.03507 -0.02128 -0.46842
1518195775.175418377 -0.01018 0.37373 0.04044 0.88384 0.03790 -0.02136 -0.46576
1518195775.210421324 -0.00461 0.36719 0.03293 0.88494 0.04083 -0.02234 -0.46338
1518195775.240422249 -0.00217 0.36175 0.02628 0.88577 0.04389 -0.02284 -0.46148
1518195775.275421381 -0.00037 0.35520 0.01891 0.88664 0.04759 -0.02477 -0.45934
1518195775.305433273 0.00013 0.34984 0.01333 0.88730 0.05095 -0.02675 -0.45758
1518195775.340425253 -0.00010 0.34438 0.00738 0.88824 0.05483 -0.03038 -0.45507
1518195775.375426292 -0.00157 0.33941 0.00278 0.88912 0.05942 -0.03526 -0.45243
1518195775.405436277 -0.00466 0.33561 -0.00050 0.88988 0.06327 -0.04014 -0.44999
1518195775.440427303 -0.00950 0.33297 -0.00237 0.89100 0.06740 -0.04705 -0.44651
1518195775.475427389 -0.01541 0.33134 -0.00260 0.89207 0.07152 -0.05451 -0.44287
1518195775.505426407 -0.02159 0.33021 -0.00170 0.89272 0.07494 -0.06112 -0.44011
1518195775.540427208 -0.02948 0.32960 0.00034 0.89322 0.07831 -0.06723 -0.43761
1518195775.575426340 -0.03922 0.32926 0.00230 0.89262 0.08448 -0.06814 -0.43755
1518195775.610431433 -0.04660 0.33043 0.00663 0.89199 0.09028 -0.07283 -0.43692
1518195775.640429258 -0.05224 0.33202 0.01043 0.89084 0.09442 -0.07747 -0.43760
1518195775.675431252 -0.05767 0.33504 0.01538 0.88956 0.09626 -0.08115 -0.43912
1518195775.705443382 -0.06171 0.33793 0.02022 0.88818 0.09643 -0.08287 -0.44156
1518195775.740433216 -0.06454 0.34141 0.02736 0.88625 0.09561 -0.08536 -0.44512
1518195775.775435209 -0.06468 0.34502 0.03590 0.88442 0.09448 -0.08951 -0.44818
1518195775.805445433 -0.06298 0.34787 0.04401 0.88247 0.09337 -0.09420 -0.45127
1518195775.840436220 -0.06001 0.35078 0.05328 0.88011 0.09170 -0.09816 -0.45537
1518195775.875433207 -0.05727 0.35425 0.06196 0.87801 0.08762 -0.09806 -0.46022
1518195775.905438423 -0.05281 0.35732 0.06903 0.87648 0.08355 -0.09690 -0.46413
1518195775.940437317 -0.04555 0.36042 0.07609 0.87490 0.07962 -0.09583 -0.46801
1518195775.975438356 -0.03675 0.36285 0.08182 0.87345 0.07579 -0.09481 -0.47154
1518195776.005449295 -0.02852 0.36403 0.08584 0.87231 0.07305 -0.09326 -0.47439
1518195776.040441275 -0.01833 0.36472 0.08853 0.87138 0.06956 -0.09002 -0.47724
1518195776.075441360 -0.00858 0.36328 0.08938 0.87068 0.06636 -0.08434 -0.48000
1518195776.105441332 0.00014 0.36144 0.08861 0.87049 0.06365 -0.07812 -0.48177
1518195776.140441418 0.01088 0.35919 0.08579 0.87081 0.06026 -0.07075 -0.48276
1518195776.175444365 0.02109 0.35634 0.08085 0.87144 0.05753 -0.06329 -0.48299
1518195776.205453396 0.02941 0.35365 0.07549 0.87246 0.05555 -0.05752 -0.48210
1518195776.240446329 0.03780 0.34964 0.06781 0.87412 0.05428 -0.05085 -0.47998
1518195776.275441408 0.04404 0.34657 0.05907 0.87651 0.05305 -0.04371 -0.47645
1518195776.305457354 0.04793 0.34406 0.05061 0.87893 0.05201 -0.03683 -0.47267
1518195776.340446234 0.05123 0.34103 0.04106 0.88184 0.05080 -0.02949 -0.46788
1518195776.375449419 0.05411 0.33628 0.03152 0.88454 0.05034 -0.02509 -0.46305
1518195776.405459404 0.05571 0.33262 0.02403 0.88713 0.05083 -0.02417 -0.45807
1518195776.440449238 0.05661 0.32824 0.01634 0.89012 0.05146 -0.02607 -0.45206
1518195776.475449324 0.05564 0.32372 0.00998 0.89274 0.05232 -0.02996 -0.44653
1518195776.505461216 0.05376 0.32002 0.00509 0.89474 0.05289 -0.03411 -0.44213
1518195776.540450335 0.04991 0.31686 0.00037 0.89680 0.05314 -0.03949 -0.43745
1518195776.575453281 0.04534 0.31466 -0.00235 0.89854 0.05335 -0.04587 -0.43322
1518195776.605462313 0.04115 0.31358 -0.00330 0.89958 0.05369 -0.05224 -0.43028
1518195776.640452385 0.03619 0.31256 -0.00323 0.90007 0.05386 -0.06020 -0.42819
1518195776.675456285 0.03100 0.31289 -0.00115 0.90033 0.05402 -0.06750 -0.42653
1518195776.705464363 0.02674 0.31377 0.00194 0.90023 0.05432 -0.07354 -0.42570
1518195776.740455389 0.02232 0.31485 0.00718 0.89957 0.05487 -0.07983 -0.42589
1518195776.775458336 0.01797 0.31675 0.01358 0.89854 0.05538 -0.08488 -0.42704
1518195776.800468206 0.01463 0.31820 0.01895 0.89744 0.05583 -0.08749 -0.42876
1518195776.840459347 0.01198 0.32209 0.02834 0.89575 0.05660 -0.09091 -0.43148
1518195776.875458241 0.01115 0.32563 0.03859 0.89398 0.05777 -0.09279 -0.43457
1518195776.905471325 0.01154 0.32874 0.04811 0.89225 0.05857 -0.09468 -0.43760
1518195776.940460205 0.01354 0.33311 0.05917 0.89003 0.05948 -0.09665 -0.44156
1518195776.975462437 0.01773 0.33753 0.07051 0.88773 0.06023 -0.09892 -0.44555
1518195777.005473375 0.02164 0.34157 0.07903 0.88576 0.06097 -0.09968 -0.44919
1518195777.040464401 0.02722 0.34509 0.08900 0.88350 0.06150 -0.09917 -0.45367
1518195777.075465202 0.03442 0.34846 0.09656 0.88140 0.06281 -0.09773 -0.45785
1518195777.105474234 0.04151 0.35096 0.10219 0.87984 0.06342 -0.09620 -0.46108
1518195777.140466213 0.04941 0.35405 0.10782 0.87879 0.06452 -0.09305 -0.46358
1518195777.175462246 0.05798 0.35628 0.11074 0.87787 0.06563 -0.08897 -0.46596
1518195777.205475330 0.06611 0.35671 0.11257 0.87712 0.06624 -0.08490 -0.46804
1518195777.240467310 0.07669 0.35564 0.11290 0.87618 0.06743 -0.07971 -0.47055
1518195777.275467396 0.08848 0.35439 0.11191 0.87570 0.06794 -0.07515 -0.47211
1518195777.305480242 0.09785 0.35231 0.10944 0.87550 0.06888 -0.06990 -0.47314
1518195777.340471268 0.10861 0.34896 0.10506 0.87568 0.06886 -0.06352 -0.47371
1518195777.375467300 0.11867 0.34570 0.09910 0.87634 0.06893 -0.05715 -0.47330
1518195777.405482292 0.12682 0.34279 0.09311 0.87727 0.06888 -0.05182 -0.47220
1518195777.440472364 0.13579 0.33898 0.08531 0.87863 0.06835 -0.04634 -0.47030
1518195777.475472212 0.14278 0.33456 0.07597 0.88031 0.06804 -0.04054 -0.46775
1518195777.505473375 0.14833 0.33048 0.06733 0.88195 0.06752 -0.03611 -0.46507
1518195777.540475368 0.15358 0.32581 0.05662 0.88405 0.06750 -0.03199 -0.46138
1518195777.575476408 0.15729 0.32034 0.04635 0.88625 0.06781 -0.02991 -0.45724
1518195777.605474234 0.15896 0.31477 0.03730 0.88801 0.06842 -0.02968 -0.45374
1518195777.640477419 0.15963 0.30887 0.02747 0.89007 0.06914 -0.03101 -0.44948
1518195777.675476313 0.15869 0.30311 0.01809 0.89189 0.06999 -0.03420 -0.44550
1518195777.705489397 0.15731 0.29930 0.01044 0.89336 0.07051 -0.03867 -0.44209
1518195777.740478277 0.15456 0.29551 0.00314 0.89495 0.07136 -0.04449 -0.43817
1518195777.775478363 0.15052 0.29247 -0.00226 0.89628 0.07211 -0.05027 -0.43469
1518195777.805489302 0.14607 0.29075 -0.00544 0.89731 0.07282 -0.05584 -0.43175
1518195777.840479374 0.14118 0.28919 -0.00746 0.89797 0.07382 -0.06367 -0.42911
1518195777.875483274 0.13577 0.28890 -0.00714 0.89825 0.07532 -0.07186 -0.42697
1518195777.905483246 0.13117 0.28895 -0.00519 0.89820 0.07687 -0.07894 -0.42555
1518195777.940484285 0.12617 0.28818 -0.00126 0.89742 0.07875 -0.08682 -0.42533
1518195777.975484371 0.12168 0.28818 0.00449 0.89632 0.08104 -0.09428 -0.42563
1518195778.005485296 0.11868 0.28875 0.01097 0.89503 0.08334 -0.10059 -0.42644
1518195778.040487289 0.11557 0.29065 0.01927 0.89349 0.08633 -0.10687 -0.42755
1518195778.075488329 0.11375 0.29323 0.02859 0.89176 0.08904 -0.11210 -0.42927
1518195778.105497360 0.11365 0.29614 0.03678 0.89000 0.09141 -0.11585 -0.43141
1518195778.140489340 0.11481 0.29968 0.04663 0.88760 0.09399 -0.11964 -0.43476
1518195778.175489426 0.11810 0.30374 0.05636 0.88510 0.09664 -0.12277 -0.43839
1518195778.205500364 0.12262 0.30781 0.06431 0.88295 0.09879 -0.12525 -0.44154
1518195778.240487337 0.12756 0.31228 0.07296 0.88077 0.10090 -0.12668 -0.44499
1518195778.275490284 0.13564 0.31629 0.08061 0.87831 0.10337 -0.12841 -0.44877
1518195778.305503368 0.14347 0.31996 0.08651 0.87654 0.10549 -0.12890 -0.45160
1518195778.340493202 0.15122 0.32353 0.09179 0.87460 0.10835 -0.12774 -0.45499
1518195778.375494242 0.16191 0.32603 0.09617 0.87281 0.11071 -0.12686 -0.45810
1518195778.405495405 0.17022 0.32814 0.09943 0.87198 0.11207 -0.12379 -0.46018
1518195778.440495253 0.18051 0.33059 0.10116 0.87138 0.11368 -0.11917 -0.46213
1518195778.475496292 0.19167 0.33355 0.10211 0.87143 0.11495 -0.11432 -0.46295
1518195778.505505323 0.20241 0.33411 0.10091 0.87140 0.11598 -0.11044 -0.46370
1518195778.540498257 0.21495 0.33380 0.09824 0.87156 0.11736 -0.10599 -0.46408
1518195778.575495243 0.22716 0.33308 0.09392 0.87210 0.11870 -0.10167 -0.46369
1518195778.605497360 0.23777 0.33170 0.09025 0.87277 0.11984 -0.09801 -0.46293
1518195778.640500307 0.24881 0.32897 0.08395 0.87363 0.12075 -0.09323 -0.46206
1518195778.675501347 0.25927 0.32502 0.07699 0.87453 0.12131 -0.08821 -0.46120
1518195778.705512285 0.26784 0.32138 0.07015 0.87541 0.12162 -0.08432 -0.46017
1518195778.735513210 0.27625 0.31687 0.06326 0.87633 0.12194 -0.08160 -0.45882
1518195778.775502205 0.28456 0.31193 0.05388 0.87789 0.12267 -0.07854 -0.45617
1518195778.805506229 0.28927 0.30795 0.04643 0.87926 0.12300 -0.07608 -0.45386
1518195778.840504408 0.29349 0.30432 0.03801 0.88103 0.12314 -0.07433 -0.45066
1518195778.875503302 0.29614 0.30013 0.02965 0.88271 0.12353 -0.07373 -0.44737
1518195778.905516386 0.29712 0.29696 0.02323 0.88431 0.12401 -0.07418 -0.44398
1518195778.940506220 0.29798 0.29230 0.01529 0.88579 0.12404 -0.07732 -0.44047
1518195778.975508213 0.29680 0.28961 0.00905 0.88762 0.12476 -0.08113 -0.43587
1518195779.005518436 0.29589 0.28679 0.00364 0.88871 0.12537 -0.08643 -0.43245
1518195779.040510416 0.29236 0.28536 -0.00083 0.89031 0.12655 -0.09275 -0.42747
1518195779.075507402 0.28784 0.28431 -0.00447 0.89141 0.12798 -0.09996 -0.42310
1518195779.105519295 0.28361 0.28302 -0.00672 0.89189 0.12951 -0.10676 -0.41994
1518195779.140512228 0.27898 0.28206 -0.00697 0.89221 0.13109 -0.11464 -0.41669
1518195779.175513268 0.27469 0.28159 -0.00596 0.89208 0.13253 -0.12217 -0.41438
1518195779.205523252 0.27142 0.28099 -0.00366 0.89150 0.13393 -0.12857 -0.41323
1518195779.240514278 0.26845 0.28031 0.00058 0.89024 0.13598 -0.13613 -0.41286
1518195779.275515318 0.26638 0.27966 0.00608 0.88836 0.13822 -0.14350 -0.41368
1518195779.305526257 0.26531 0.27960 0.01129 0.88650 0.14002 -0.14936 -0.41498
1518195779.340517282 0.26492 0.27960 0.01893 0.88413 0.14190 -0.15519 -0.41724
1518195779.375516415 0.26550 0.28014 0.02711 0.88200 0.14319 -0.15883 -0.41993
1518195779.405528307 0.26679 0.28140 0.03476 0.88023 0.14484 -0.16023 -0.42254
1518195779.440519333 0.26998 0.28370 0.04347 0.87842 0.14611 -0.16081 -0.42564
1518195779.475516319 0.27340 0.28549 0.05209 0.87670 0.14718 -0.15988 -0.42916
1518195779.505529404 0.27816 0.28681 0.05837 0.87523 0.14748 -0.15845 -0.43257
1518195779.540514231 0.28410 0.28800 0.06628 0.87358 0.14817 -0.15549 -0.43671
1518195779.575521231 0.29014 0.28989 0.07342 0.87225 0.14920 -0.15223 -0.44017
1518195779.605524302 0.29583 0.29274 0.07830 0.87158 0.14972 -0.14922 -0.44234
1518195779.640523434 0.30420 0.29614 0.08288 0.87096 0.15087 -0.14593 -0.44426
1518195779.675524235 0.31128 0.29859 0.08585 0.87055 0.15194 -0.14129 -0.44621
1518195779.705522299 0.31822 0.30052 0.08721 0.87043 0.15235 -0.13692 -0.44765
1518195779.740523338 0.32600 0.30317 0.08871 0.87088 0.15336 -0.13113 -0.44817
1518195779.775526285 0.33520 0.30539 0.08849 0.87117 0.15484 -0.12602 -0.44857
1518195779.805528402 0.34174 0.30716 0.08678 0.87191 0.15531 -0.12051 -0.44847
1518195779.840527296 0.35033 0.30794 0.08323 0.87254 0.15566 -0.11409 -0.44881
1518195779.875529289 0.35739 0.30717 0.07926 0.87331 0.15582 -0.10699 -0.44901
1518195779.905539274 0.36395 0.30673 0.07364 0.87386 0.15586 -0.10156 -0.44917
1518195779.940529346 0.37013 0.30624 0.06624 0.87479 0.15585 -0.09540 -0.44871
1518195779.975530386 0.37427 0.30458 0.05847 0.87548 0.15612 -0.09032 -0.44834
1518195780.005542278 0.37660 0.30331 0.05175 0.87637 0.15635 -0.08673 -0.44723
1518195780.040531397 0.37867 0.30103 0.04420 0.87721 0.15659 -0.08424 -0.44597
1518195780.075533390 0.37849 0.29866 0.03665 0.87800 0.15684 -0.08227 -0.44469
1518195780.105539322 0.37765 0.29615 0.03031 0.87870 0.15725 -0.08187 -0.44323
1518195780.140533209 0.37583 0.29311 0.02365 0.87930 0.15800 -0.08328 -0.44151
1518195780.175536394 0.37151 0.29070 0.01767 0.87998 0.15910 -0.08506 -0.43942
1518195780.205544233 0.36682 0.28917 0.01318 0.88063 0.16005 -0.08708 -0.43737
1518195780.240536213 0.36089 0.28693 0.00936 0.88132 0.16067 -0.09056 -0.43504
1518195780.275534391 0.35323 0.28552 0.00700 0.88222 0.16123 -0.09350 -0.43238
1518195780.305541277 0.34773 0.28405 0.00596 0.88271 0.16098 -0.09719 -0.43065
1518195780.340536356 0.34012 0.28284 0.00686 0.88309 0.16107 -0.10170 -0.42880
1518195780.375538349 0.33291 0.28240 0.00927 0.88311 0.16126 -0.10730 -0.42731
1518195780.405550241 0.32599 0.28237 0.01247 0.88279 0.16186 -0.11174 -0.42662
1518195780.440540314 0.32023 0.28053 0.01718 0.88161 0.16219 -0.11661 -0.42761
1518195780.475537300 0.31543 0.27987 0.02329 0.88032 0.16280 -0.12179 -0.42860
1518195780.505552292 0.31205 0.28007 0.02933 0.87892 0.16372 -0.12676 -0.42969
1518195780.540539265 0.30779 0.28017 0.03732 0.87742 0.16450 -0.13093 -0.43120
1518195780.575545311 0.30498 0.28284 0.04511 0.87598 0.16550 -0.13479 -0.43255
1518195780.605554342 0.30206 0.28484 0.05215 0.87474 0.16587 -0.13699 -0.43423
1518195780.640544415 0.30194 0.28806 0.05992 0.87335 0.16611 -0.14002 -0.43596
1518195780.675543308 0.30256 0.29212 0.06802 0.87203 0.16673 -0.14211 -0.43769
1518195780.705558300 0.30370 0.29525 0.07447 0.87075 0.16733 -0.14317 -0.43965
1518195780.740548372 0.30455 0.29903 0.08123 0.86937 0.16768 -0.14351 -0.44214
1518195780.775548220 0.30789 0.30271 0.08764 0.86789 0.16810 -0.14388 -0.44475
1518195780.805558205 0.31158 0.30627 0.09175 0.86691 0.16815 -0.14341 -0.44680
1518195780.840551376 0.31509 0.31034 0.09511 0.86592 0.16765 -0.14192 -0.44937
1518195780.875539303 0.32193 0.31374 0.09869 0.86471 0.16772 -0.14107 -0.45194
1518195780.905562401 0.32626 0.31683 0.10060 0.86428 0.16709 -0.13884 -0.45367
1518195780.940553427 0.33326 0.32017 0.10103 0.86363 0.16657 -0.13642 -0.45584
1518195780.975551367 0.33840 0.32373 0.10032 0.86370 0.16535 -0.13255 -0.45728
1518195781.005564213 0.34411 0.32688 0.09804 0.86394 0.16411 -0.12920 -0.45824
1518195781.040554285 0.35113 0.32957 0.09428 0.86456 0.16243 -0.12470 -0.45892
1518195781.075556278 0.35833 0.33243 0.08911 0.86545 0.16076 -0.12071 -0.45889
1518195781.105567217 0.36496 0.33375 0.08484 0.86664 0.15925 -0.11698 -0.45813
1518195781.140558243 0.37215 0.33531 0.07784 0.86821 0.15715 -0.11317 -0.45685
1518195781.175557375 0.37791 0.33583 0.07021 0.87001 0.15485 -0.10899 -0.45522
1518195781.205569267 0.38198 0.33579 0.06256 0.87161 0.15294 -0.10458 -0.45383
1518195781.240558386 0.38618 0.33469 0.05474 0.87342 0.15102 -0.10047 -0.45192
1518195781.275561333 0.38912 0.33220 0.04603 0.87487 0.14962 -0.09715 -0.45031
1518195781.305567265 0.39034 0.32964 0.03910 0.87616 0.14835 -0.09401 -0.44889
1518195781.340562344 0.39062 0.32614 0.03160 0.87751 0.14665 -0.09053 -0.44751
1518195781.375561237 0.38927 0.32246 0.02409 0.87882 0.14389 -0.08658 -0.44663
1518195781.405574322 0.38877 0.31960 0.01844 0.88001 0.14097 -0.08347 -0.44581
1518195781.440564394 0.38706 0.31501 0.01220 0.88099 0.13743 -0.08023 -0.44556
1518195781.475551367 0.38492 0.31101 0.00766 0.88194 0.13390 -0.07799 -0.44516
1518195781.505565405 0.38199 0.30656 0.00494 0.88271 0.13054 -0.07638 -0.44491
1518195781.540566206 0.37839 0.30137 0.00368 0.88352 0.12672 -0.07643 -0.44440
1518195781.575540304 0.37218 0.29747 0.00363 0.88470 0.12307 -0.07685 -0.44300
1518195781.605568409 0.36741 0.29408 0.00532 0.88566 0.12012 -0.07883 -0.44154
1518195781.640569210 0.36102 0.29032 0.00780 0.88653 0.11778 -0.08382 -0.43950
1518195781.675566435 0.35323 0.28720 0.01270 0.88767 0.11603 -0.08980 -0.43649
1518195781.705578327 0.34587 0.28502 0.01842 0.88838 0.11492 -0.09632 -0.43394
1518195781.740572214 0.33705 0.28438 0.02609 0.88932 0.11415 -0.10464 -0.43028
1518195781.775572300 0.32859 0.28502 0.03429 0.89025 0.11298 -0.11246 -0.42667
1518195781.805573225 0.32072 0.28630 0.04041 0.89064 0.11168 -0.11837 -0.42458
1518195781.840572357 0.31197 0.28877 0.04907 0.89124 0.11019 -0.12354 -0.42224
1518195781.875574350 0.30444 0.29258 0.05821 0.89185 0.10831 -0.12698 -0.42041
1518195781.905582428 0.29820 0.29647 0.06591 0.89243 0.10585 -0.12837 -0.41939
1518195781.940576315 0.29443 0.30127 0.07439 0.89240 0.10359 -0.13053 -0.41936
1518195781.975576401 0.29124 0.30518 0.08199 0.89186 0.10140 -0.13159 -0.42069
1518195782.005586386 0.28784 0.30967 0.08829 0.89150 0.10014 -0.13106 -0.42193
1518195782.040578365 0.28721 0.31346 0.09389 0.89034 0.09873 -0.12982 -0.42507
1518195782.075578213 0.28587 0.31635 0.09807 0.88936 0.09660 -0.12529 -0.42897
1518195782.105590343 0.28396 0.31883 0.10102 0.88883 0.09449 -0.11879 -0.43236
1518195782.140581369 0.28201 0.32047 0.10313 0.88807 0.09164 -0.11058 -0.43670
1518195782.175571203 0.27945 0.32125 0.10345 0.88754 0.08813 -0.10056 -0.44090
1518195782.205588341 0.27655 0.32176 0.10182 0.88719 0.08557 -0.09114 -0.44415
1518195782.240576267 0.27382 0.32114 0.09885 0.88674 0.08265 -0.08137 -0.44749
1518195782.275571346 0.27082 0.31905 0.09394 0.88608 0.08033 -0.07295 -0.45066
1518195782.305592299 0.26768 0.31647 0.08801 0.88565 0.07850 -0.06594 -0.45289
1518195782.340584278 0.26332 0.31341 0.08060 0.88565 0.07588 -0.05765 -0.45446
1518195782.375586271 0.25684 0.30880 0.07150 0.88584 0.07240 -0.04898 -0.45569
1518195782.405597210 0.25115 0.30409 0.06325 0.88625 0.06910 -0.04257 -0.45604
1518195782.440587282 0.24285 0.29806 0.05312 0.88696 0.06540 -0.03547 -0.45581
1518195782.475581408 0.23433 0.29257 0.04281 0.88836 0.06083 -0.02991 -0.45412
1518195782.505596399 0.22611 0.28710 0.03433 0.88958 0.05713 -0.02596 -0.45245
1518195782.540590286 0.21316 0.28043 0.02505 0.89137 0.05311 -0.02226 -0.44960
1518195782.575591326 0.19892 0.27464 0.01687 0.89343 0.04932 -0.02052 -0.44602
1518195782.605591297 0.18596 0.26908 0.01050 0.89523 0.04580 -0.02065 -0.44277
1518195782.640591383 0.17062 0.26376 0.00403 0.89718 0.04223 -0.02291 -0.43905
1518195782.675592422 0.15341 0.26000 -0.00174 0.89935 0.03869 -0.02627 -0.43472
1518195782.705603361 0.13848 0.25791 -0.00555 0.90127 0.03552 -0.02987 -0.43076
1518195782.740594387 0.12174 0.25613 -0.00852 0.90294 0.03215 -0.03557 -0.42709
1518195782.775595427 0.10575 0.25448 -0.00997 0.90396 0.02931 -0.04253 -0.42449
1518195782.805606365 0.09209 0.25464 -0.00910 0.90458 0.02740 -0.04866 -0.42263
1518195782.840597391 0.07701 0.25412 -0.00533 0.90444 0.02525 -0.05580 -0.42218
1518195782.875594378 0.06228 0.25417 0.00098 0.90370 0.02426 -0.06138 -0.42304
1518195782.905604362 0.05143 0.25457 0.00838 0.90253 0.02323 -0.06621 -0.42487
1518195782.940599203 0.03803 0.25609 0.01851 0.90111 0.02218 -0.06958 -0.42740
1518195782.975595236 0.02744 0.25829 0.03012 0.89947 0.02180 -0.07292 -0.43030
1518195783.005608320 0.02046 0.26034 0.04157 0.89788 0.02193 -0.07644 -0.43300
1518195783.040598392 0.01363 0.26374 0.05429 0.89582 0.02294 -0.08003 -0.43655
1518195783.075596333 0.00914 0.26718 0.06697 0.89368 0.02357 -0.08301 -0.44033
1518195783.105613232 0.00704 0.27073 0.07783 0.89213 0.02431 -0.08342 -0.44334
1518195783.140601397 0.00541 0.27519 0.08936 0.89046 0.02428 -0.08165 -0.44702
1518195783.175604343 0.00726 0.27937 0.09967 0.88869 0.02375 -0.08069 -0.45073
1518195783.205612421 0.00985 0.28201 0.10756 0.88718 0.02296 -0.07883 -0.45406
1518195783.240603209 0.01351 0.28529 0.11576 0.88588 0.02193 -0.07476 -0.45733
1518195783.275607347 0.01871 0.28616 0.12136 0.88413 0.02054 -0.07000 -0.46152
1518195783.305617332 0.02285 0.28686 0.12583 0.88307 0.01903 -0.06487 -0.46434
1518195783.340608358 0.02870 0.28588 0.12880 0.88165 0.01779 -0.05853 -0.46792
1518195783.375601292 0.03370 0.28399 0.12941 0.88028 0.01583 -0.05151 -0.47138
1518195783.405618429 0.03870 0.28239 0.12870 0.87939 0.01428 -0.04571 -0.47369
1518195783.440604210 0.04446 0.27949 0.12644 0.87876 0.01213 -0.03949 -0.47547
1518195783.475611210 0.04973 0.27525 0.12421 0.87862 0.00943 -0.03346 -0.47625
1518195783.505622387 0.05348 0.27112 0.11958 0.87893 0.00634 -0.02761 -0.47611
1518195783.540612221 0.05716 0.26587 0.11319 0.87991 0.00250 -0.02075 -0.47468
1518195783.575610399 0.05998 0.26046 0.10582 0.88153 -0.00086 -0.01502 -0.47188
1518195783.605624199 0.06130 0.25527 0.09852 0.88331 -0.00350 -0.01092 -0.46865
1518195783.640615225 0.06200 0.24891 0.08978 0.88555 -0.00607 -0.00735 -0.46444
1518195783.675616264 0.06197 0.24221 0.08031 0.88795 -0.00795 -0.00556 -0.45983
1518195783.705625296 0.06008 0.23635 0.07191 0.89007 -0.00940 -0.00490 -0.45570
1518195783.740617275 0.05632 0.23022 0.06185 0.89282 -0.01010 -0.00490 -0.45028
1518195783.775616407 0.05048 0.22477 0.05294 0.89569 -0.01057 -0.00603 -0.44452
1518195783.805626392 0.04402 0.21990 0.04605 0.89791 -0.00975 -0.00820 -0.44000
1518195783.840618372 0.03477 0.21439 0.03913 0.90017 -0.00808 -0.01181 -0.43530
1518195783.875616312 0.02389 0.20943 0.03377 0.90208 -0.00554 -0.01635 -0.43122
1518195783.905630350 0.01356 0.20542 0.03042 0.90338 -0.00289 -0.02008 -0.42836
1518195783.940622330 0.00131 0.20103 0.02719 0.90424 0.00048 -0.02466 -0.42631
1518195783.975618362 -0.01141 0.19753 0.02589 0.90474 0.00440 -0.02907 -0.42496
1518195784.005621433 -0.02199 0.19463 0.02685 0.90474 0.00814 -0.03309 -0.42460
1518195784.040622234 -0.03444 0.19203 0.02918 0.90432 0.01289 -0.03794 -0.42497
1518195784.075621367 -0.04763 0.19107 0.03369 0.90381 0.01789 -0.04215 -0.42547
1518195784.105635405 -0.05842 0.19107 0.03903 0.90299 0.02273 -0.04540 -0.42666
1518195784.140625238 -0.07076 0.19154 0.04676 0.90177 0.02761 -0.04759 -0.42870
1518195784.175627232 -0.08155 0.19332 0.05573 0.90021 0.03208 -0.04962 -0.43143
1518195784.205635309 -0.08929 0.19457 0.06528 0.89845 0.03604 -0.05200 -0.43449
1518195784.240627289 -0.09715 0.19596 0.07808 0.89614 0.04022 -0.05491 -0.43853
1518195784.275630236 -0.10290 0.19779 0.09115 0.89359 0.04402 -0.05794 -0.44295
1518195784.305626392 -0.10668 0.19872 0.10279 0.89108 0.04612 -0.05973 -0.44753
1518195784.340627432 -0.10848 0.19956 0.11642 0.88796 0.04745 -0.06105 -0.45337
1518195784.375632286 -0.10787 0.20077 0.13007 0.88482 0.04775 -0.06210 -0.45929
1518195784.405641317 -0.10616 0.20204 0.14111 0.88233 0.04652 -0.06206 -0.46421
1518195784.440631390 -0.10220 0.20279 0.15362 0.87932 0.04441 -0.06216 -0.47007
1518195784.475634336 -0.09548 0.20262 0.16501 0.87659 0.04118 -0.06239 -0.47539
1518195784.505645275 -0.08836 0.20286 0.17386 0.87470 0.03762 -0.06194 -0.47921
1518195784.540636301 -0.08009 0.20368 0.18152 0.87320 0.03169 -0.06021 -0.48259
1518195784.575635433 -0.06955 0.20336 0.18738 0.87181 0.02579 -0.05820 -0.48569
1518195784.605642319 -0.06164 0.20415 0.19064 0.87136 0.01902 -0.05502 -0.48717
1518195784.640638351 -0.04977 0.20418 0.19206 0.87088 0.01077 -0.05122 -0.48869
1518195784.675639391 -0.03909 0.20437 0.19137 0.87098 0.00146 -0.04559 -0.48919
1518195784.695635319 -0.03217 0.20337 0.18951 0.87108 -0.00441 -0.04198 -0.48933
